0 0 4 4 2 3 1 5 6 0 7
6 1 5 4 2 0 1 5 6 3 7
6 1 5 4 2 3 1 5 0 6 7
3 1 2 4 2 3 1 5 6 7 0
8 1 6 4 0 2 1 5 6 3 7
7 1 5 4 2 1 0 5 6 3 7
8 1 6 4 0 3 1 5 2 6 7
8 1 6 4 2 3 1 0 5 6 7
5 1 3 4 2 3 0 5 6 7 1
7 2 4 4 2 3 1 0 6 7 5
8 3 4 4 2 0 1 5 6 7 3
7 3 3 0 2 3 1 5 6 7 4
10 1 7 4 6 2 1 5 0 3 7
9 1 6 0 4 2 1 5 6 3 7
7 1 4 4 2 1 7 5 6 3 0
8 2 4 0 2 1 4 5 6 3 7
10 3 5 4 2 1 3 5 6 0 7
11 3 6 4 2 1 5 0 6 3 7
9 1 6 0 4 3 1 5 2 6 7
9 1 6 4 3 0 1 5 2 6 7
9 1 6 0 2 3 1 4 5 6 7
9 2 5 4 2 3 1 7 5 6 0
11 3 6 4 0 3 1 2 5 6 7
11 3 6 4 2 3 0 1 5 6 7
7 1 4 4 2 0 3 5 6 7 1
6 2 2 0 2 3 4 5 6 7 1
9 3 4 4 2 3 7 5 6 0 1
9 3 4 4 2 3 5 0 6 7 1
8 1 4 0 2 3 1 4 6 7 5
9 1 5 4 2 3 1 6 0 7 5
11 3 5 4 0 3 1 2 6 7 5
10 3 4 4 2 3 0 1 6 7 5
10 1 5 4 2 7 1 5 6 0 3
10 1 5 4 0 2 1 5 6 7 3
9 1 4 4 2 1 0 5 6 7 3
9 1 4 5 2 3 1 0 6 7 4
9 1 4 2 0 3 1 5 6 7 4
8 2 2 1 2 3 0 5 6 7 4
11 3 4 6 2 3 1 5 0 7 4
12 1 8 4 6 2 1 0 5 3 7
11 1 7 4 6 2 1 5 3 0 7
11 1 7 5 4 2 1 0 6 3 7
10 2 5 1 4 2 0 5 6 3 7
13 3 7 6 4 2 1 5 0 3 7
11 3 5 7 4 2 1 5 6 3 0
9 1 5 4 2 1 7 5 6 0 3
11 2 6 4 2 1 7 0 6 3 5
11 3 5 4 2 0 7 5 6 3 1
11 3 5 0 2 1 7 5 6 3 4
10 1 5 5 2 1 4 0 6 3 7
10 1 5 2 0 1 4 5 6 3 7
12 3 5 6 2 1 4 5 0 3 7
10 3 3 7 2 1 4 5 6 3 0
11 1 5 4 2 0 3 5 6 1 7
12 1 6 4 2 1 3 5 0 6 7
9 1 3 4 2 1 3 5 6 7 0
12 1 6 0 2 1 5 4 6 3 7
13 1 7 4 2 1 5 6 0 3 7
12 2 5 4 2 1 5 7 6 3 0
15 3 7 4 0 1 5 2 6 3 7
11 1 7 5 4 3 1 0 2 6 7
10 2 5 1 4 3 0 5 2 6 7
12 3 6 2 4 3 1 5 0 6 7
11 3 5 7 4 3 1 5 2 6 0
11 1 7 4 3 6 1 5 2 0 7
10 1 6 4 3 1 0 5 2 6 7
11 1 7 2 0 3 1 4 5 6 7
10 2 5 1 2 3 0 4 5 6 7
12 3 6 5 2 3 1 4 0 6 7
11 3 5 7 2 3 1 4 5 6 0
11 1 6 4 2 3 0 7 5 6 1
11 1 6 4 2 3 1 7 5 0 6
14 3 7 4 2 0 1 7 5 6 3
13 3 6 0 2 3 1 7 5 6 4
12 1 6 4 5 3 1 2 0 6 7
12 1 6 0 4 3 1 2 5 6 7
11 1 5 4 3 0 1 2 5 6 7
11 1 5 4 2 3 7 1 5 6 0
13 1 7 4 2 0 3 1 5 6 7
12 2 5 0 2 3 4 1 5 6 7
14 3 6 4 2 3 6 1 5 0 7
9 1 5 4 2 7 3 5 6 0 1
9 1 5 4 0 2 3 5 6 7 1
8 1 3 5 2 3 4 0 6 7 1
8 1 3 2 0 3 4 5 6 7 1
10 3 3 6 2 3 4 5 0 7 1
7 3 0 1 2 3 4 5 6 7 0
