0 0 11 3 2 8 9 10 6 1 4 0 7 5
6 1 11 3 2 8 9 10 0 1 4 6 7 5
1 1 11 3 2 8 9 10 1 0 4 6 7 5
4 1 11 3 2 8 9 10 1 4 0 6 7 5
5 1 11 3 2 8 9 10 1 4 5 6 7 0
11 3 0 3 2 8 9 10 1 4 5 6 7 11
2 2 2 3 0 8 9 10 1 4 5 6 7 11
9 3 2 3 9 8 0 10 1 4 5 6 7 11
8 1 2 3 9 0 8 10 1 4 5 6 7 11
1 1 2 3 9 1 8 10 0 4 5 6 7 11
4 1 2 3 9 1 8 10 4 0 5 6 7 11
5 1 2 3 9 1 8 10 4 5 0 6 7 11
10 1 2 3 9 1 8 0 4 5 10 6 7 11
9 1 2 3 0 1 8 9 4 5 10 6 7 11
3 1 2 0 3 1 8 9 4 5 10 6 7 11
2 1 0 2 3 1 8 9 4 5 10 6 7 11
1 1 1 2 3 0 8 9 4 5 10 6 7 11
4 1 1 2 3 4 8 9 0 5 10 6 7 11
6 1 1 2 3 4 8 9 6 5 10 0 7 11
7 1 1 2 3 4 8 9 6 5 10 7 0 11
11 1 1 2 3 4 8 9 6 5 10 7 11 0
10 1 1 2 3 4 8 9 6 5 0 7 11 10
9 1 1 2 3 4 8 0 6 5 9 7 11 10
8 1 1 2 3 4 0 8 6 5 9 7 11 10
5 1 1 2 3 4 5 8 6 0 9 7 11 10
9 1 1 2 3 4 5 8 6 9 0 7 11 10
10 1 1 2 3 4 5 8 6 9 10 7 11 0
11 1 1 2 3 4 5 8 6 9 10 7 0 11
9 1 1 2 3 4 5 8 6 0 10 7 9 11
6 1 1 2 3 4 5 8 0 6 10 7 9 11
7 1 1 2 3 4 5 8 7 6 10 0 9 11
9 1 1 2 3 4 5 8 7 6 10 9 0 11
11 1 1 2 3 4 5 8 7 6 10 9 11 0
10 1 1 2 3 4 5 8 7 6 0 9 11 10
8 1 1 2 3 4 5 0 7 6 8 9 11 10
5 1 1 2 3 4 0 5 7 6 8 9 11 10
6 1 1 2 3 4 6 5 7 0 8 9 11 10
8 1 1 2 3 4 6 5 7 8 0 9 11 10
10 1 1 2 3 4 6 5 7 8 10 9 11 0
11 1 1 2 3 4 6 5 7 8 10 9 0 11
9 1 1 2 3 4 6 5 7 8 10 0 9 11
8 3 1 2 3 4 6 5 7 0 10 8 9 11
7 1 1 2 3 4 6 5 0 7 10 8 9 11
8 1 1 2 3 4 6 5 8 7 10 0 9 11
9 1 1 2 3 4 6 5 8 7 10 9 0 11
11 1 1 2 3 4 6 5 8 7 10 9 11 0
10 1 1 2 3 4 6 5 8 7 0 9 11 10
7 1 1 2 3 4 6 5 8 0 7 9 11 10
6 1 1 2 3 4 0 5 8 6 7 9 11 10
5 1 1 2 3 4 5 0 8 6 7 9 11 10
7 1 1 2 3 4 5 7 8 6 0 9 11 10
10 1 1 2 3 4 5 7 8 6 10 9 11 0
11 1 1 2 3 4 5 7 8 6 10 9 0 11
9 1 1 2 3 4 5 7 8 6 10 0 9 11
8 1 1 2 3 4 5 7 0 6 10 8 9 11
6 1 1 2 3 4 5 7 6 0 10 8 9 11
9 1 1 2 3 4 5 7 6 9 10 8 0 11
8 1 1 2 3 4 5 7 6 9 10 0 8 11
9 3 1 2 3 4 5 7 6 0 10 9 8 11
8 1 1 2 3 4 5 7 6 8 10 9 0 11
9 1 1 2 3 4 5 7 6 8 10 0 9 11
11 2 1 2 3 4 5 7 6 8 10 11 9 0
10 1 1 2 3 4 5 7 6 8 0 11 9 10
8 1 1 2 3 4 5 7 6 0 8 11 9 10
9 1 1 2 3 4 5 7 6 9 8 11 0 10
11 1 1 2 3 4 5 7 6 9 8 0 11 10
10 2 1 2 3 4 5 7 6 9 8 10 11 0
11 1 1 2 3 4 5 7 6 9 8 10 0 11
10 1 1 2 3 4 5 7 6 9 8 0 10 11
9 3 1 2 3 4 5 7 6 0 8 9 10 11
6 1 1 2 3 4 5 7 0 6 8 9 10 11
4 1 1 2 3 0 5 7 4 6 8 9 10 11
5 1 1 2 3 5 0 7 4 6 8 9 10 11
6 1 1 2 3 5 6 7 4 0 8 9 10 11
8 1 1 2 3 5 6 7 4 8 0 9 10 11
7 1 1 2 3 5 6 0 4 8 7 9 10 11
6 1 1 2 3 5 0 6 4 8 7 9 10 11
5 1 1 2 3 0 5 6 4 8 7 9 10 11
4 1 1 2 3 4 5 6 0 8 7 9 10 11
9 1 1 2 3 4 5 6 9 8 7 0 10 11
8 3 1 2 3 4 5 6 9 0 7 8 10 11
9 1 1 2 3 4 5 6 0 9 7 8 10 11
8 1 1 2 3 4 5 6 8 9 7 0 10 11
10 1 1 2 3 4 5 6 8 9 7 10 0 11
11 1 1 2 3 4 5 6 8 9 7 10 11 0
10 2 1 2 3 4 5 6 8 9 7 0 11 10
9 3 1 2 3 4 5 6 8 0 7 9 11 10
7 1 1 2 3 4 5 6 8 7 0 9 11 10
10 1 1 2 3 4 5 6 8 7 10 9 11 0
11 1 1 2 3 4 5 6 8 7 10 9 0 11
9 1 1 2 3 4 5 6 8 7 10 0 9 11
8 1 1 2 3 4 5 6 0 7 10 8 9 11
7 1 1 2 3 4 5 6 7 0 10 8 9 11
9 1 1 2 3 4 5 6 7 9 10 8 0 11
11 1 1 2 3 4 5 6 7 9 10 8 11 0
10 1 1 2 3 4 5 6 7 9 0 8 11 10
9 1 1 2 3 4 5 6 7 0 9 8 11 10
7 1 1 2 3 4 5 6 0 7 9 8 11 10
8 1 1 2 3 4 5 6 8 7 9 0 11 10
10 2 1 2 3 4 5 6 8 7 9 10 11 0
11 1 1 2 3 4 5 6 8 7 9 10 0 11
10 1 1 2 3 4 5 6 8 7 9 0 10 11
7 3 1 2 3 4 5 6 8 0 9 7 10 11
8 1 1 2 3 4 5 6 0 8 9 7 10 11
7 1 1 2 3 4 5 6 7 8 9 0 10 11
10 1 1 2 3 4 5 6 7 8 9 10 0 11
11 1 1 2 3 4 5 6 7 8 9 10 11 0
127 13.65390157699585
