0 0 0 7 1 4 3 5 6 2
3 1 3 7 1 4 0 5 6 2
5 1 3 7 1 4 5 0 6 2
7 1 3 0 1 4 5 7 6 2
3 1 0 3 1 4 5 7 6 2
2 3 2 3 1 4 5 7 6 0
6 1 2 3 1 4 5 7 0 6
7 1 2 3 1 4 5 0 7 6
5 1 2 3 1 4 0 5 7 6
4 3 2 3 1 0 4 5 7 6
1 1 2 3 0 1 4 5 7 6
3 1 2 0 3 1 4 5 7 6
2 1 0 2 3 1 4 5 7 6
1 2 1 2 3 0 4 5 7 6
4 3 1 2 3 4 0 5 7 6
6 2 1 2 3 4 6 5 7 0
7 1 1 2 3 4 6 5 0 7
5 1 1 2 3 4 6 0 5 7
6 1 1 2 3 4 0 6 5 7
4 3 1 2 3 0 4 6 5 7
5 3 1 2 3 5 4 6 0 7
7 1 1 2 3 5 4 6 7 0
5 1 1 2 3 0 4 6 7 5
4 3 1 2 3 4 0 6 7 5
5 2 1 2 3 4 5 6 7 0
39 0.07249832153320312
