8 0 8 7 0 1 6 3 2 4 5
8 1 7 7 1 0 6 3 2 4 5
9 1 8 7 2 1 6 3 0 4 5
9 1 7 7 1 4 6 3 2 0 5
9 1 7 7 1 6 0 3 2 4 5
10 1 9 0 7 1 6 3 2 4 5
10 1 8 7 2 1 6 3 4 0 5
10 1 7 7 1 6 5 3 2 4 0
10 2 6 0 1 6 7 3 2 4 5
10 1 5 1 0 6 7 3 2 4 5
11 1 9 7 2 1 6 0 3 4 5
11 1 8 7 1 4 6 3 0 2 5
11 1 8 7 1 4 6 3 2 5 0
11 1 9 3 7 1 6 0 2 4 5
11 1 8 7 2 1 6 3 4 5 0
11 1 7 7 1 6 5 3 2 0 4
11 1 6 3 1 6 7 0 2 4 5
11 1 8 3 7 1 6 2 0 4 5
11 1 6 7 1 0 5 3 2 6 4
11 1 5 3 1 6 7 2 0 4 5
11 1 7 3 7 1 6 2 4 0 5
11 1 5 7 1 5 0 3 2 6 4
11 1 4 3 1 6 7 2 4 0 5
11 1 3 3 1 0 7 2 4 6 5
12 3 7 7 1 6 4 3 2 0 5
12 3 7 7 1 6 3 0 2 4 5
12 2 9 6 7 1 0 3 2 4 5
12 1 9 7 2 0 6 3 4 1 5
12 2 7 7 1 6 5 0 2 4 3
12 1 6 1 2 6 7 3 0 4 5
12 1 6 1 6 0 7 3 2 4 5
12 1 9 0 2 1 6 7 3 4 5
12 2 8 7 2 1 6 5 3 4 0
12 3 7 7 0 1 6 2 3 4 5
12 1 8 7 1 4 0 3 2 5 6
12 1 8 7 2 1 0 3 4 5 6
12 1 7 3 7 1 6 2 4 5 0
12 1 5 7 1 5 4 3 2 6 0
12 2 4 0 1 5 7 3 2 6 4
12 1 4 3 1 6 7 2 4 5 0
12 1 6 7 1 0 4 3 2 6 5
12 1 6 7 1 6 3 2 0 4 5
12 1 8 6 7 0 1 3 2 4 5
12 1 6 7 1 6 5 2 0 4 3
12 1 5 1 2 6 7 3 4 0 5
12 1 8 2 0 1 6 7 3 4 5
12 1 7 7 2 1 6 5 3 0 4
12 1 6 7 3 1 6 2 0 4 5
12 1 6 7 1 0 6 2 3 4 5
12 1 7 7 1 0 4 3 2 5 6
12 1 7 7 2 0 1 3 4 5 6
12 1 3 1 0 5 7 3 2 6 4
12 1 5 7 1 6 3 2 4 0 5
12 1 7 6 0 7 1 3 2 4 5
12 1 5 7 1 6 5 2 4 0 3
12 1 4 1 2 0 7 3 4 6 5
12 1 7 2 3 1 6 7 0 4 5
12 1 7 2 1 0 6 7 3 4 5
12 1 6 7 2 1 6 5 0 3 4
12 1 5 7 3 1 6 2 4 0 5
12 1 6 7 1 5 4 3 2 0 6
12 1 6 7 2 5 1 3 4 0 6
12 1 4 7 1 0 3 2 4 6 5
12 1 4 7 1 0 5 2 4 6 3
12 1 6 2 3 1 6 7 4 0 5
12 1 5 7 2 5 1 3 4 6 0
12 1 3 7 1 5 0 2 4 6 3
13 3 9 2 7 1 6 3 0 4 5
13 3 9 5 7 1 6 3 2 4 0
13 3 7 7 1 0 5 3 2 4 6
13 3 7 0 1 6 5 3 2 4 7
13 3 6 2 1 6 7 3 0 4 5
13 3 6 5 1 6 7 3 2 4 0
13 1 9 7 0 4 6 3 1 2 5
13 1 9 7 1 4 6 0 3 2 5
13 2 8 7 1 4 6 0 2 5 3
13 3 7 7 1 0 6 3 2 5 4
13 2 9 3 7 1 6 5 2 4 0
13 3 8 3 0 1 6 7 2 4 5
13 2 8 7 2 1 6 0 4 5 3
13 3 7 7 2 0 6 3 4 5 1
13 1 8 7 1 6 5 3 0 2 4
13 2 6 3 1 6 7 5 2 4 0
13 1 9 3 0 1 6 2 7 4 5
13 1 7 7 0 1 5 3 2 6 4
13 1 6 3 0 6 7 2 1 4 5
13 1 8 3 7 0 6 2 4 1 5
13 1 4 3 0 1 7 2 4 6 5
13 1 4 3 1 7 0 2 4 6 5
13 1 7 7 1 6 4 3 2 5 0
13 1 7 0 1 6 3 7 2 4 5
13 1 9 6 7 1 5 3 2 4 0
13 1 9 7 2 6 0 3 4 1 5
13 1 7 0 1 6 5 7 2 4 3
13 1 6 1 2 6 7 0 3 4 5
13 1 6 1 6 4 7 3 2 0 5
13 1 8 7 2 1 0 5 3 4 6
13 2 7 0 1 4 7 3 2 5 6
13 2 7 0 2 1 7 3 4 5 6
13 1 7 3 7 1 0 2 4 5 6
13 1 4 3 1 5 7 0 2 6 4
13 1 8 6 7 4 1 3 2 0 5
13 1 5 1 2 6 7 3 4 5 0
13 1 6 7 1 6 0 2 3 4 5
13 1 5 7 1 6 3 2 4 5 0
13 1 7 6 2 7 1 3 0 4 5
13 1 7 2 1 6 0 7 3 4 5
13 1 5 7 3 1 6 2 4 5 0
13 1 4 7 1 3 0 2 4 6 5
13 1 6 2 3 1 6 7 4 5 0
13 1 5 7 2 5 0 3 4 6 1
13 1 3 7 1 5 3 2 4 6 0
13 2 2 0 1 5 7 2 4 6 3
13 1 8 2 7 1 6 3 4 0 5
13 1 6 7 1 5 0 3 2 4 6
13 1 6 1 0 6 5 3 2 4 7
13 1 5 2 1 6 7 3 4 0 5
13 1 7 7 1 4 6 2 0 5 3
13 1 6 7 1 5 6 3 2 0 4
13 1 8 3 7 1 6 5 2 0 4
13 1 7 0 3 1 6 7 2 4 5
13 1 7 3 1 0 6 7 2 4 5
13 1 6 7 2 5 6 3 4 0 1
13 1 8 0 3 1 6 2 7 4 5
13 1 8 3 1 0 6 2 7 4 5
13 1 5 0 3 6 7 2 1 4 5
13 1 7 3 0 7 6 2 4 1 5
13 1 3 0 3 1 7 2 4 6 5
13 1 6 1 0 6 3 7 2 4 5
13 1 6 1 0 6 5 7 2 4 3
13 1 7 7 2 0 1 5 3 4 6
13 1 6 1 0 4 7 3 2 5 6
13 1 6 2 0 1 7 3 4 5 6
13 1 6 3 7 0 1 2 4 5 6
13 1 3 3 1 5 7 2 0 6 4
13 1 1 1 0 5 7 2 4 6 3
13 1 4 2 1 0 7 3 4 6 5
13 1 7 3 1 4 6 2 7 0 5
13 1 6 0 3 7 6 2 4 1 5
13 1 6 7 2 4 1 5 3 0 6
13 1 5 1 4 0 7 3 2 5 6
13 1 5 2 1 0 7 3 4 5 6
13 1 5 3 7 5 1 2 4 0 6
13 1 5 3 0 7 1 2 4 5 6
13 1 6 3 1 4 6 2 0 7 5
13 1 5 7 2 4 1 5 0 3 6
13 1 4 1 4 5 7 3 2 0 6
13 1 4 2 1 5 7 3 4 0 6
13 1 4 3 7 5 1 2 4 6 0
13 1 4 0 3 7 1 2 4 5 6
13 1 3 1 4 5 7 3 2 6 0
13 1 3 2 1 5 7 3 4 6 0
14 3 9 7 2 1 0 6 3 4 5
14 3 8 0 1 4 6 3 2 5 7
14 3 9 3 7 1 0 6 2 4 5
14 3 8 0 2 1 6 3 4 5 7
14 3 6 3 0 6 7 1 2 4 5
14 3 5 7 1 5 3 0 2 6 4
14 1 8 7 1 6 4 3 0 2 5
14 2 7 7 1 6 3 5 2 4 0
14 3 8 6 7 1 4 3 2 0 5
14 1 10 7 0 2 6 3 4 1 5
14 1 7 1 6 7 0 3 2 4 5
14 2 9 6 2 1 0 7 3 4 5
14 3 8 3 2 1 6 7 0 4 5
14 3 7 7 2 0 6 5 3 4 1
14 1 8 0 7 1 6 2 3 4 5
14 3 7 7 1 4 5 3 2 0 6
14 3 6 3 7 0 6 2 4 5 1
14 2 5 7 1 5 4 0 2 6 3
14 1 5 3 1 6 0 2 4 5 7
14 1 7 7 0 1 4 3 2 6 5
14 1 7 7 1 4 0 3 2 6 5
14 1 7 7 0 6 3 2 1 4 5
14 1 7 7 0 6 5 2 1 4 3
14 1 8 7 2 0 6 5 3 1 4
14 1 7 7 3 1 6 0 2 4 5
14 1 7 7 1 4 6 2 3 0 5
14 1 8 7 0 1 4 3 2 5 6
14 1 8 7 0 2 1 3 4 5 6
14 1 4 1 2 5 7 3 0 6 4
14 1 4 1 5 0 7 3 2 6 4
14 1 8 0 6 7 1 3 2 4 5
14 1 6 7 1 6 5 2 4 3 0
14 1 5 1 0 2 7 3 4 6 5
14 1 5 1 2 7 0 3 4 6 5
14 1 8 2 1 4 6 7 3 0 5
14 1 7 7 0 1 6 5 2 3 4
14 1 7 7 2 1 6 0 5 3 4
14 1 6 7 3 0 6 2 4 1 5
14 1 7 7 1 5 4 3 0 2 6
14 1 7 7 2 5 1 3 0 4 6
14 1 5 7 0 1 3 2 4 6 5
14 1 5 7 0 1 5 2 4 6 3
14 1 7 2 3 0 6 7 4 1 5
14 2 5 7 2 5 1 0 4 6 3
14 1 9 2 0 1 6 3 7 4 5
14 1 9 2 7 1 6 0 3 4 5
14 1 9 5 7 1 0 3 2 4 6
14 1 9 5 7 1 6 3 2 0 4
14 1 7 3 1 6 5 0 2 4 7
14 1 6 2 1 6 7 0 3 4 5
14 1 6 5 1 6 7 3 2 0 4
14 1 9 7 4 0 6 3 1 2 5
14 1 9 0 1 4 6 7 3 2 5
14 2 8 7 1 4 6 5 3 2 0
14 1 8 0 1 4 6 7 2 5 3
14 1 7 7 1 6 0 3 2 5 4
14 1 9 3 7 1 0 5 2 4 6
14 1 8 0 2 1 6 7 4 5 3
14 1 8 7 2 1 6 4 0 5 3
14 3 6 7 0 1 6 2 4 5 3
14 1 7 7 2 6 0 3 4 5 1
14 1 8 7 1 6 5 0 3 2 4
14 1 6 3 1 6 7 5 2 0 4
14 1 7 7 2 1 5 3 0 6 4
14 1 8 3 7 6 0 2 4 1 5
14 1 4 3 1 7 5 2 4 6 0
14 1 9 6 7 1 5 3 2 0 4
14 1 9 7 2 6 5 3 4 1 0
13 1 7 7 2 6 5 3 4 0 1
13 1 6 7 2 0 5 3 4 6 1
14 2 8 0 2 6 7 3 4 1 5
14 3 7 7 2 6 1 3 4 0 5
14 3 4 1 0 6 7 2 3 4 5
14 3 6 7 2 1 4 5 3 0 6
14 1 7 3 1 4 7 0 2 5 6
14 1 7 3 2 1 7 0 4 5 6
14 1 6 7 1 6 5 2 3 4 0
14 2 5 0 1 6 7 2 3 4 5
14 1 5 7 1 6 0 2 4 5 3
14 1 7 6 2 7 1 3 4 0 5
14 1 7 2 1 6 5 7 3 4 0
14 1 5 7 3 1 0 2 4 5 6
14 1 4 7 1 3 5 2 4 6 0
14 2 3 0 1 3 7 2 4 6 5
14 1 6 2 3 1 0 7 4 5 6
14 2 4 0 2 5 7 3 4 6 1
14 1 8 2 7 1 6 3 4 5 0
14 1 6 7 1 5 6 3 2 4 0
14 2 5 0 1 5 7 3 2 4 6
14 1 5 2 1 6 7 3 4 5 0
14 1 7 7 1 4 6 2 5 0 3
14 1 7 3 1 6 0 7 2 4 5
14 1 7 3 1 4 6 7 2 0 5
14 1 8 3 1 6 0 2 7 4 5
14 3 3 1 3 6 7 2 0 4 5
14 1 6 1 2 4 7 3 0 5 6
14 1 6 7 2 4 1 5 3 6 0
14 1 6 3 1 4 6 0 2 7 5
14 1 4 3 7 5 0 2 4 6 1
14 2 3 1 3 7 0 2 4 5 6
14 1 8 7 2 0 1 6 3 4 5
14 1 7 1 0 4 6 3 2 5 7
14 1 8 3 7 0 1 6 2 4 5
14 1 7 2 0 1 6 3 4 5 7
14 1 5 0 3 6 7 1 2 4 5
14 1 4 7 1 5 3 2 0 6 4
14 1 8 6 2 0 1 7 3 4 5
14 1 6 7 2 4 6 5 3 0 1
14 1 5 3 7 5 6 2 4 0 1
14 1 5 3 0 7 6 2 4 5 1
14 1 4 7 1 5 4 2 0 6 3
14 1 6 7 2 1 4 3 0 6 5
14 1 7 7 2 1 4 3 0 5 6
14 1 7 2 1 4 6 7 0 3 5
14 1 6 7 1 0 6 5 2 3 4
14 1 6 7 0 5 1 3 2 4 6
14 1 8 0 2 1 6 3 7 4 5
14 1 8 2 1 0 6 3 7 4 5
14 1 8 5 7 0 1 3 2 4 6
14 1 6 3 1 6 5 2 0 4 7
14 1 5 5 1 0 7 3 2 6 4
14 1 8 1 0 4 6 7 3 2 5
14 1 7 7 1 4 6 5 3 0 2
14 1 7 1 0 4 6 7 2 5 3
14 1 8 3 7 0 1 5 2 4 6
14 1 7 2 0 1 6 7 4 5 3
14 1 7 7 2 1 6 4 5 0 3
14 1 5 7 1 0 6 2 4 5 3
14 1 5 3 1 0 7 5 2 6 4
14 1 6 7 2 1 5 3 6 0 4
14 1 7 2 0 6 7 3 4 1 5
14 1 6 7 2 0 1 3 4 6 5
14 1 5 7 2 1 4 5 0 3 6
14 1 6 3 1 4 7 2 0 5 6
14 1 4 7 3 0 1 2 4 5 6
14 1 2 1 0 3 7 2 4 6 5
14 1 5 2 3 0 1 7 4 5 6
14 1 3 2 0 5 7 3 4 6 1
14 1 4 1 0 5 7 3 2 4 6
14 1 2 1 3 6 7 2 4 0 5
14 1 5 1 2 4 7 3 5 0 6
14 1 2 1 3 0 7 2 4 5 6
14 1 7 7 2 4 1 6 3 0 5
14 1 6 1 2 4 6 3 0 5 7
14 1 6 1 4 0 6 3 2 5 7
14 1 7 3 0 7 1 6 2 4 5
14 1 6 2 1 0 6 3 4 5 7
14 1 4 1 3 6 7 0 2 4 5
14 1 7 6 2 4 1 7 3 0 5
14 1 5 7 2 4 6 5 0 3 1
14 1 4 0 3 7 6 2 4 5 1
14 1 5 7 2 1 4 3 6 0 5
14 1 6 7 2 1 4 3 5 0 6
14 1 5 7 1 3 6 5 2 0 4
14 1 7 2 1 4 6 3 7 0 5
14 1 7 5 0 7 1 3 2 4 6
14 1 5 3 1 6 5 2 4 0 7
14 1 7 1 3 4 6 7 0 2 5
14 1 7 1 4 0 6 7 3 2 5
14 1 6 7 1 4 6 5 0 3 2
14 1 6 1 2 4 6 7 0 5 3
14 1 6 1 4 0 6 7 2 5 3
14 1 7 3 7 4 1 5 2 0 6
14 1 7 3 0 7 1 5 2 4 6
14 1 6 2 1 0 6 7 4 5 3
14 1 4 7 1 5 6 2 4 0 3
14 1 3 7 3 5 1 2 4 0 6
14 1 1 1 3 0 7 2 4 6 5
14 1 4 2 3 5 1 7 4 0 6
14 1 1 1 3 5 7 2 4 0 6
14 1 6 7 2 4 1 6 0 3 5
14 1 5 1 2 4 6 3 5 0 7
14 1 5 1 4 5 6 3 2 0 7
14 1 6 0 3 7 1 6 2 4 5
14 1 5 2 1 5 6 3 4 0 7
14 1 6 6 2 4 1 7 0 3 5
14 1 6 2 1 4 6 3 0 7 5
14 1 4 3 1 0 5 2 4 6 7
14 1 6 1 3 4 6 7 2 0 5
14 1 5 1 2 4 6 7 5 0 3
14 1 5 1 4 5 6 7 2 0 3
14 1 6 3 2 7 1 5 0 4 6
14 1 6 0 3 7 1 5 2 4 6
14 1 5 2 1 5 6 7 4 0 3
14 1 2 7 3 5 1 2 4 6 0
14 1 3 2 3 5 1 7 4 6 0
14 1 0 1 3 5 7 2 4 6 0
