7 0 7 5 1 0 6 7 3 4 2
8 1 7 5 1 6 0 7 3 4 2
9 1 8 5 1 4 6 7 3 0 2
9 1 8 5 0 1 6 7 3 4 2
9 1 7 5 1 6 2 7 3 4 0
9 1 7 5 1 4 6 7 0 3 2
9 1 7 5 3 1 6 7 0 4 2
9 1 6 5 3 1 6 7 4 0 2
10 2 7 0 1 6 5 7 3 4 2
10 3 6 5 1 6 7 0 3 4 2
10 1 8 0 5 1 6 7 3 4 2
10 1 7 5 1 6 2 7 3 0 4
10 1 7 5 1 4 6 0 7 3 2
10 1 6 1 0 6 5 7 3 4 2
10 1 6 5 1 0 2 7 3 6 4
10 1 6 0 1 4 6 5 7 3 2
10 1 5 1 3 6 5 7 0 4 2
10 1 5 1 0 4 6 5 7 3 2
10 1 4 1 3 6 5 7 4 0 2
10 1 3 1 3 0 5 7 4 6 2
10 1 2 1 3 5 0 7 4 6 2
11 3 7 5 1 6 4 7 3 0 2
11 1 9 5 1 4 6 7 3 2 0
11 2 7 5 1 6 2 0 3 4 7
11 1 8 5 0 4 6 7 1 3 2
11 1 7 5 3 0 6 7 4 1 2
11 1 7 5 3 1 6 7 4 2 0
11 1 7 7 1 6 5 0 3 4 2
11 1 6 0 1 6 7 5 3 4 2
11 1 6 5 1 6 7 3 0 4 2
11 2 5 5 1 6 7 2 3 4 0
11 1 8 7 5 1 6 0 3 4 2
11 1 2 1 3 5 2 7 4 6 0
11 1 6 5 1 0 4 7 3 6 2
11 1 5 1 0 6 7 5 3 4 2
11 1 5 5 1 6 7 3 4 0 2
11 1 4 1 3 6 7 5 0 4 2
11 1 4 5 1 0 7 3 4 6 2
11 1 3 1 3 6 7 5 4 0 2
11 1 2 1 3 0 7 5 4 6 2
12 3 7 5 1 0 2 7 3 4 6
12 3 7 0 1 6 2 7 3 4 5
12 1 9 5 3 1 6 0 7 4 2
12 2 8 6 5 1 0 7 3 4 2
12 1 8 5 1 6 2 7 0 3 4
12 2 7 5 1 4 6 2 7 3 0
12 1 7 1 6 0 5 7 3 4 2
12 1 7 5 0 1 2 7 3 6 4
12 2 6 6 1 4 0 5 7 3 2
12 1 6 1 7 4 6 5 0 3 2
12 1 6 1 4 0 6 5 7 3 2
12 1 5 1 3 6 5 7 4 2 0
12 1 4 1 0 3 5 7 4 6 2
12 3 1 1 3 5 7 0 4 6 2
12 1 7 5 1 6 4 7 0 3 2
12 1 9 5 1 4 0 7 3 2 6
12 1 7 0 1 6 2 5 3 4 7
12 1 7 5 1 6 2 3 0 4 7
12 1 7 5 3 6 0 7 4 1 2
12 1 7 5 3 1 0 7 4 2 6
12 1 7 7 1 6 5 3 0 4 2
12 2 6 7 1 6 5 2 3 4 0
12 1 5 5 1 6 7 2 3 0 4
12 1 8 7 5 1 6 3 0 4 2
12 2 7 7 5 1 6 2 3 4 0
12 1 6 1 0 6 2 7 3 4 5
12 1 8 0 3 1 6 5 7 4 2
12 1 7 6 5 0 1 7 3 4 2
12 1 6 1 6 5 0 7 3 4 2
12 1 6 5 3 1 2 7 0 6 4
12 1 5 6 1 0 4 5 7 3 2
12 1 5 1 4 3 6 5 7 0 2
12 1 8 5 1 0 4 7 3 2 6
12 1 6 1 0 6 2 5 3 4 7
12 1 6 5 1 6 2 3 4 0 7
12 1 6 5 3 0 1 7 4 2 6
12 1 6 7 1 6 5 3 4 0 2
12 1 4 5 1 0 7 2 3 6 4
12 1 7 7 5 1 6 3 4 0 2
12 1 5 1 3 6 2 7 0 4 5
12 1 6 6 0 5 1 7 3 4 2
12 1 4 6 1 3 4 5 7 0 2
12 1 4 1 4 3 6 5 0 7 2
12 1 7 5 1 2 4 7 3 0 6
12 1 5 1 3 6 2 5 0 4 7
12 1 5 5 1 0 2 3 4 6 7
12 1 5 7 1 0 5 3 4 6 2
12 1 4 1 3 6 2 7 4 0 5
12 1 5 6 3 5 1 7 0 4 2
12 1 3 6 1 3 4 5 0 7 2
12 1 6 5 1 2 4 7 0 3 6
12 1 4 1 3 6 2 5 4 0 7
12 1 4 7 1 5 0 3 4 6 2
12 1 3 1 3 0 2 7 4 6 5
12 1 4 6 3 5 1 7 4 0 2
12 1 3 1 3 0 2 5 4 6 7
13 3 7 3 1 6 5 7 0 4 2
13 3 7 2 1 6 5 7 3 4 0
13 3 6 5 0 6 7 1 3 4 2
13 3 8 3 5 1 6 7 0 4 2
13 3 8 2 5 1 6 7 3 4 0
13 3 7 5 0 4 6 1 7 3 2
13 3 7 5 1 4 0 6 7 3 2
13 1 8 5 1 2 0 7 3 6 4
13 3 6 7 1 4 6 5 0 3 2
13 3 6 2 1 4 6 5 7 3 0
13 1 7 1 3 6 5 0 7 4 2
13 2 3 0 3 5 1 7 4 6 2
13 1 8 5 1 6 4 7 3 2 0
13 2 9 5 1 4 6 0 3 2 7
13 3 8 5 1 0 6 7 3 2 4
13 3 6 5 1 6 0 2 3 4 7
13 1 9 0 5 4 6 7 1 3 2
13 1 9 5 4 0 6 7 1 3 2
13 1 8 5 0 3 6 7 4 1 2
13 2 7 5 3 1 6 0 4 2 7
13 3 6 5 3 0 6 7 4 2 1
13 1 7 5 0 6 7 3 1 4 2
13 1 3 1 3 5 2 7 4 0 6
13 2 2 1 3 5 2 0 4 6 7
13 1 7 5 0 1 4 7 3 6 2
13 1 7 5 1 4 0 7 3 6 2
13 1 6 1 6 0 7 5 3 4 2
13 1 6 5 1 6 7 3 4 2 0
13 1 5 1 3 6 7 0 5 4 2
13 1 5 5 0 1 7 3 4 6 2
13 1 5 5 1 7 0 3 4 6 2
13 1 4 1 3 6 7 5 4 2 0
13 1 3 1 0 3 7 5 4 6 2
13 1 3 1 3 7 0 5 4 6 2
13 1 7 7 1 6 2 0 3 4 5
13 2 8 5 3 1 6 2 7 4 0
13 1 8 6 5 1 2 7 3 4 0
13 1 8 5 1 6 2 0 7 3 4
13 1 7 5 1 4 0 2 7 3 6
13 1 7 5 1 4 6 2 7 0 3
13 1 7 1 6 4 5 7 3 0 2
13 1 7 0 5 1 2 7 3 6 4
13 1 6 6 1 4 2 5 7 3 0
13 1 5 1 3 6 0 7 4 2 5
13 2 0 1 3 5 7 2 4 6 0
