5 0 5 5 2 3 0 6 1 7 4
5 1 4 5 2 3 4 6 1 7 0
7 1 6 5 2 0 3 6 1 7 4
7 2 5 0 2 3 5 6 1 7 4
7 1 5 5 2 3 4 6 1 0 7
7 2 4 5 2 3 4 0 1 7 6
7 1 3 0 2 3 4 5 1 7 6
7 1 3 5 2 3 4 1 0 7 6
8 3 5 5 2 3 6 0 1 7 4
8 3 4 0 2 3 4 6 1 7 5
8 1 5 6 2 3 5 0 1 7 4
8 3 3 1 2 3 5 6 0 7 4
8 3 1 1 2 3 4 5 0 7 6
8 1 4 0 2 3 6 5 1 7 4
8 1 4 5 2 3 6 1 0 7 4
8 1 4 6 2 3 5 1 0 7 4
8 1 2 1 2 3 5 0 6 7 4
9 3 6 5 2 3 7 6 1 0 4
9 3 5 5 2 0 4 6 1 7 3
9 1 7 5 2 7 3 6 1 0 4
9 1 7 5 0 2 3 6 1 7 4
9 1 6 2 0 3 5 6 1 7 4
9 1 6 5 2 0 4 6 1 3 7
9 1 6 5 2 3 4 6 0 1 7
9 1 4 2 0 3 4 5 1 7 6
9 1 4 5 0 3 4 1 2 7 6
9 1 4 5 2 3 4 1 7 0 6
9 1 4 6 2 3 4 0 1 7 5
9 3 2 1 2 3 4 6 0 7 5
9 3 2 1 2 3 6 5 0 7 4
9 1 6 5 1 2 3 6 0 7 4
9 1 5 2 1 3 5 6 0 7 4
9 1 5 5 2 3 4 0 6 1 7
9 1 3 2 1 3 4 5 0 7 6
9 1 3 6 2 3 4 1 0 7 5
9 1 1 1 2 3 4 0 6 7 5
9 1 5 5 1 2 3 0 6 7 4
9 1 4 2 1 3 5 0 6 7 4
9 1 4 0 2 3 4 5 6 1 7
9 1 4 0 1 2 3 5 6 7 4
9 1 3 1 0 2 3 5 6 7 4
9 1 2 1 2 0 3 5 6 7 4
9 1 1 1 2 3 0 5 6 7 4
9 1 0 1 2 3 4 5 6 7 0
