0 0 3 5 7 2 1 4 0 6
4 1 3 5 7 2 1 0 4 6
1 1 3 5 7 2 0 1 4 6
2 3 3 5 7 0 2 1 4 6
7 1 3 5 0 7 2 1 4 6
5 1 3 0 5 7 2 1 4 6
1 1 3 1 5 7 2 0 4 6
2 1 3 1 5 7 0 2 4 6
7 3 3 1 5 0 7 2 4 6
3 2 0 1 5 3 7 2 4 6
1 1 1 0 5 3 7 2 4 6
5 1 1 5 0 3 7 2 4 6
3 1 1 5 3 0 7 2 4 6
7 3 1 5 3 7 0 2 4 6
5 3 1 0 3 7 5 2 4 6
1 1 0 1 3 7 5 2 4 6
5 1 5 1 3 7 0 2 4 6
7 3 5 1 3 0 7 2 4 6
5 2 0 1 3 5 7 2 4 6
1 1 1 0 3 5 7 2 4 6
3 1 1 3 0 5 7 2 4 6
5 1 1 3 5 0 7 2 4 6
7 3 1 3 5 7 0 2 4 6
2 1 1 3 5 7 2 0 4 6
4 1 1 3 5 7 2 4 0 6
6 1 1 3 5 7 2 4 6 0
39 0.06183457374572754
