7 0 7 4 5 3 2 6 1 7 0
8 1 7 4 5 3 0 6 1 7 2
9 1 8 4 5 3 2 6 1 0 7
9 2 7 4 5 3 2 0 1 7 6
9 2 6 0 5 3 4 6 1 7 2
9 1 6 4 5 3 2 1 0 7 6
9 1 5 5 0 3 4 6 1 7 2
9 1 5 4 0 3 2 1 5 7 6
9 1 4 5 1 3 4 6 0 7 2
9 1 3 5 1 3 4 0 6 7 2
9 1 2 0 1 3 4 5 6 7 2
9 1 1 1 0 3 4 5 6 7 2
10 3 7 0 5 3 2 6 1 7 4
10 1 8 4 5 0 3 6 1 7 2
10 1 7 0 5 3 2 4 1 7 6
10 3 5 4 0 3 2 5 1 7 6
10 1 6 6 5 3 4 0 1 7 2
10 3 4 1 5 3 4 6 0 7 2
10 1 6 5 0 3 2 6 1 7 4
10 1 6 5 0 3 2 4 1 7 6
10 1 4 4 1 3 2 5 0 7 6
10 1 5 6 5 3 4 1 0 7 2
10 1 3 1 0 3 4 6 5 7 2
10 1 3 1 5 3 4 0 6 7 2
10 1 5 5 1 3 2 6 0 7 4
10 1 5 5 1 3 2 4 0 7 6
10 1 4 6 0 3 4 1 5 7 2
10 1 4 5 1 3 2 0 6 7 4
10 1 3 0 1 3 2 5 6 7 4
10 1 2 1 0 3 2 5 6 7 4
11 3 8 4 5 0 2 6 1 7 3
11 3 7 4 5 3 7 6 1 0 2
11 3 7 4 5 3 6 0 1 7 2
11 1 9 4 5 0 2 6 1 3 7
11 1 9 4 5 3 2 6 0 1 7
11 1 7 4 5 3 2 1 7 0 6
11 1 6 5 3 0 4 6 1 7 2
11 1 6 0 4 3 2 1 5 7 6
11 1 6 4 3 0 2 1 5 7 6
11 1 5 5 1 3 4 6 7 0 2
11 2 3 5 1 3 4 2 6 7 0
11 1 2 1 6 3 4 5 0 7 2
11 1 2 1 3 0 4 5 6 7 2
11 1 7 6 5 3 2 0 1 7 4
11 3 5 1 5 3 2 6 0 7 4
11 1 8 4 5 7 3 6 1 0 2
11 1 8 4 0 5 3 6 1 7 2
11 3 5 1 5 3 2 4 0 7 6
11 3 4 6 0 3 4 5 1 7 2
11 1 4 0 6 3 4 1 5 7 2
11 1 6 4 5 3 6 1 0 7 2
11 1 8 4 0 5 2 6 1 3 7
11 1 8 4 0 3 2 6 5 1 7
11 1 8 4 5 3 2 0 6 1 7
11 1 5 1 4 3 2 0 5 7 6
11 1 6 6 5 3 2 1 0 7 4
11 1 4 1 0 3 2 6 5 7 4
11 1 4 1 5 3 2 0 6 7 4
11 1 7 4 1 5 3 6 0 7 2
11 1 4 1 0 3 2 4 5 7 6
11 1 3 6 1 3 4 5 0 7 2
11 1 3 1 6 3 4 0 5 7 2
11 1 5 4 0 3 6 1 5 7 2
11 1 7 4 1 5 2 6 0 3 7
11 1 4 1 4 3 2 5 0 7 6
11 1 5 6 0 3 2 1 5 7 4
11 1 6 4 1 5 2 6 3 0 7
12 3 7 4 5 3 0 2 1 7 6
12 3 6 2 5 3 4 6 1 7 0
12 3 3 5 0 3 4 1 6 7 2
12 2 3 4 1 3 0 5 6 7 2
12 3 2 2 1 3 4 5 6 7 0
12 2 7 2 5 3 0 6 1 7 4
12 2 7 2 5 3 0 4 1 7 6
12 1 6 0 4 3 2 5 1 7 6
12 1 6 4 3 0 2 5 1 7 6
12 2 6 6 5 3 4 2 1 7 0
12 1 5 1 5 3 4 6 7 0 2
12 1 7 5 3 0 2 6 1 7 4
12 1 7 5 3 0 2 4 1 7 6
12 1 5 4 1 3 2 0 5 7 6
12 1 5 4 1 3 2 5 7 0 6
12 1 6 6 5 3 4 1 7 0 2
12 1 4 0 1 3 4 6 5 7 2
12 1 4 1 3 0 4 6 5 7 2
12 1 4 0 5 3 4 1 6 7 2
12 2 3 1 5 3 4 2 6 7 0
12 1 6 5 1 3 2 6 7 0 4
12 1 6 5 1 3 2 4 7 0 6
12 1 5 6 3 0 4 1 5 7 2
12 2 4 5 1 3 2 4 6 7 0
12 2 3 2 1 3 0 5 6 7 4
12 1 3 1 6 3 2 5 0 7 4
12 1 3 1 3 0 2 5 6 7 4
12 1 8 4 5 7 2 6 1 0 3
12 1 8 4 0 5 2 6 1 7 3
12 1 8 4 5 2 0 6 1 7 3
12 1 7 0 5 3 6 4 1 7 2
12 3 5 4 0 3 6 5 1 7 2
12 1 9 4 5 2 0 6 1 3 7
12 1 7 4 5 3 2 1 7 6 0
12 1 6 4 3 2 0 1 5 7 6
12 3 5 6 0 3 2 5 1 7 4
12 1 8 0 4 5 3 6 1 7 2
12 1 4 0 6 3 4 5 1 7 2
12 1 8 0 4 5 2 6 1 3 7
12 1 8 0 5 3 2 4 6 1 7
12 3 6 4 0 3 2 5 6 1 7
12 1 7 4 1 5 3 0 6 7 2
12 1 7 4 1 5 2 0 6 3 7
12 1 5 0 6 3 2 1 5 7 4
12 1 7 4 1 5 2 6 0 7 3
12 1 6 5 0 3 6 4 1 7 2
12 1 4 4 1 3 6 5 0 7 2
12 1 4 6 1 3 2 5 0 7 4
12 1 7 5 0 3 2 4 6 1 7
12 1 4 1 6 3 2 0 5 7 4
12 1 5 5 1 3 6 4 0 7 2
13 3 4 5 1 3 0 4 6 7 2
13 3 7 6 5 3 2 4 1 7 0
13 1 7 5 1 3 2 0 4 7 6
13 3 4 5 0 3 2 1 6 7 4
13 3 4 5 1 3 0 2 6 7 4
13 3 3 4 1 3 2 5 6 7 0
13 1 8 4 5 0 7 6 1 3 2
13 1 8 4 5 3 7 6 0 1 2
13 1 8 4 5 3 7 6 1 2 0
13 2 7 4 5 3 6 2 1 7 0
13 1 8 4 5 0 2 1 7 3 6
13 1 7 5 3 7 4 6 1 0 2
13 1 7 5 3 4 0 6 1 7 2
13 2 6 2 4 3 0 1 5 7 6
13 1 7 4 3 7 2 1 5 0 6
13 1 6 5 1 0 4 6 7 3 2
13 1 6 5 1 3 4 6 7 2 0
13 1 4 5 1 3 4 2 6 0 7
13 1 3 1 6 3 4 5 7 0 2
13 1 3 1 3 7 4 5 6 0 2
13 1 3 1 3 4 0 5 6 7 2
13 1 6 1 5 3 2 6 7 0 4
13 1 9 4 5 7 3 6 0 1 2
13 1 9 4 5 7 3 6 1 2 0
13 1 6 1 5 3 2 0 4 7 6
13 1 6 1 5 3 2 4 7 0 6
13 1 5 6 3 0 4 5 1 7 2
13 1 7 4 5 3 6 1 7 0 2
13 1 9 0 4 3 2 6 5 1 7
13 1 9 4 3 0 2 6 5 1 7
13 2 8 4 5 3 2 7 6 1 0
12 1 6 4 5 3 2 7 6 0 1
13 2 5 1 4 3 2 6 5 7 0
13 1 7 6 5 3 2 1 7 0 4
13 1 5 0 1 3 2 6 5 7 4
13 1 5 1 3 0 2 6 5 7 4
13 1 5 0 5 3 2 1 6 7 4
13 2 4 1 5 3 2 4 6 7 0
13 1 8 4 1 5 3 6 7 0 2
13 1 5 0 1 3 2 4 5 7 6
13 1 5 1 3 0 2 4 5 7 6
13 1 4 6 1 3 4 0 5 7 2
13 1 4 6 1 3 4 5 7 0 2
13 2 3 1 6 3 4 2 5 7 0
13 1 6 0 4 3 6 1 5 7 2
13 1 6 4 3 0 6 1 5 7 2
13 1 5 1 0 3 2 5 4 7 6
13 1 5 1 4 3 2 5 7 0 6
13 1 6 6 3 0 2 1 5 7 4
13 1 7 4 1 0 2 6 3 5 7
13 1 7 4 1 5 2 6 3 7 0
13 2 6 0 5 3 4 2 1 7 6
13 1 7 2 5 3 6 4 1 7 0
13 1 6 4 3 2 0 5 1 7 6
13 1 7 5 3 7 2 6 1 0 4
13 1 7 5 3 2 0 6 1 7 4
13 1 7 5 3 7 2 4 1 0 6
13 1 7 5 3 2 0 4 1 7 6
13 1 5 4 1 3 2 5 7 6 0
13 1 6 5 1 3 2 4 7 6 0
13 1 3 1 3 2 0 5 6 7 4
13 1 8 0 4 5 2 6 1 7 3
13 1 8 4 5 2 3 6 1 7 0
13 2 7 0 5 2 4 6 1 7 3
13 3 5 1 5 3 6 4 0 7 2
13 1 9 4 5 2 7 6 1 3 0
13 2 8 0 5 2 4 6 1 3 7
13 1 7 4 5 3 0 1 7 6 2
13 1 6 4 3 2 6 1 5 7 0
13 2 5 0 3 2 4 1 5 7 6
13 1 5 0 6 3 2 5 1 7 4
13 1 8 6 4 5 3 0 1 7 2
13 3 6 1 4 5 3 6 0 7 2
13 1 8 6 4 5 2 0 1 3 7
13 3 6 1 4 5 2 6 0 3 7
13 1 7 0 1 5 3 4 6 7 2
13 2 6 4 1 5 3 2 6 7 0
13 1 7 0 1 5 2 4 6 3 7
13 1 7 4 1 5 2 0 6 7 3
13 1 6 0 1 3 2 5 4 7 6
13 1 7 4 0 5 7 6 1 3 2
13 1 6 4 3 7 2 1 0 5 6
13 1 6 4 3 7 2 1 5 6 0
13 1 8 4 3 1 2 6 5 0 7
13 1 6 4 5 3 2 7 0 6 1
13 1 5 1 4 3 6 0 5 7 2
13 1 5 5 0 3 4 2 1 7 6
13 1 6 5 3 2 4 6 1 7 0
13 1 6 5 3 7 2 4 1 6 0
13 1 2 1 3 2 4 5 6 7 0
13 1 6 5 0 2 4 6 1 7 3
13 1 4 1 0 3 6 4 5 7 2
13 1 7 5 0 2 4 6 1 3 7
13 1 4 1 3 2 4 0 5 7 6
13 1 7 6 4 5 3 1 0 7 2
13 1 5 1 0 5 3 6 4 7 2
13 1 7 6 4 5 2 1 0 3 7
13 1 5 1 0 5 2 6 4 3 7
13 1 5 1 4 5 2 6 3 0 7
13 1 6 1 0 5 3 4 6 7 2
13 1 5 4 1 5 3 2 6 0 7
13 1 6 1 0 5 2 4 6 3 7
13 1 6 4 1 5 7 6 0 3 2
13 1 7 4 3 1 2 6 0 5 7
13 1 7 4 3 1 2 6 5 7 0
13 1 4 1 4 3 6 5 0 7 2
13 1 4 5 1 3 4 2 0 7 6
13 1 5 5 1 2 4 6 0 7 3
13 1 5 5 2 0 4 6 1 7 3
13 1 6 5 1 2 4 6 0 3 7
13 1 6 5 2 0 4 6 1 3 7
13 1 3 1 3 2 4 5 0 7 6
13 1 6 6 0 5 3 1 4 7 2
13 1 6 6 0 5 2 1 4 3 7
13 1 6 6 4 5 2 1 3 0 7
13 1 5 1 5 0 3 4 6 7 2
13 1 4 4 1 5 3 2 0 6 7
13 1 5 4 1 5 7 6 3 0 2
13 1 4 5 1 2 4 0 6 7 3
13 1 5 5 1 2 4 0 6 3 7
13 1 5 5 2 3 4 6 1 0 7
13 1 4 1 5 3 0 4 6 7 2
13 1 3 0 1 2 4 5 6 7 3
13 1 4 0 1 2 4 5 6 3 7
13 1 4 5 2 3 4 6 1 7 0
13 1 2 1 0 2 4 5 6 7 3
13 1 3 1 0 2 4 5 6 3 7
13 1 1 1 2 0 4 5 6 7 3
13 1 2 1 2 0 4 5 6 3 7
13 1 1 1 2 3 4 5 6 0 7
13 1 0 1 2 3 4 5 6 7 0
