0 0 11 2 9 8 4 7 3 1 6 0 5 10
5 1 11 2 9 8 4 7 3 1 6 5 0 10
10 1 11 2 9 8 4 7 3 1 6 5 10 0
11 3 0 2 9 8 4 7 3 1 6 5 10 11
4 1 4 2 9 8 0 7 3 1 6 5 10 11
6 1 4 2 9 8 6 7 3 1 0 5 10 11
5 1 4 2 9 8 6 7 3 1 5 0 10 11
10 1 4 2 9 8 6 7 3 1 5 10 0 11
11 1 4 2 9 8 6 7 3 1 5 10 11 0
1 1 4 2 9 8 6 7 3 0 5 10 11 1
8 1 4 2 9 0 6 7 3 8 5 10 11 1
9 1 4 2 0 9 6 7 3 8 5 10 11 1
3 1 4 2 3 9 6 7 0 8 5 10 11 1
7 1 4 2 3 9 6 0 7 8 5 10 11 1
6 1 4 2 3 9 0 6 7 8 5 10 11 1
5 1 4 2 3 9 5 6 7 8 0 10 11 1
9 3 4 2 3 0 5 6 7 8 9 10 11 1
4 2 0 2 3 4 5 6 7 8 9 10 11 1
1 3 1 2 3 4 5 6 7 8 9 10 11 0
25 68.9598822593689
