0 0 6 3 4 7 1 2 5 0
1 2 6 3 4 7 0 2 5 1
2 1 6 3 4 7 2 0 5 1
3 1 6 3 4 7 2 5 0 1
4 1 6 3 4 7 2 5 1 0
5 3 0 3 4 7 2 5 1 6
6 3 5 3 4 7 2 0 1 6
7 1 5 3 4 7 2 1 0 6
8 1 5 3 4 7 2 1 6 0
9 3 0 3 4 7 2 1 6 5
10 3 1 3 4 7 2 0 6 5
11 1 1 3 4 7 2 6 0 5
12 1 1 3 4 7 2 6 5 0
13 3 1 3 0 7 2 6 5 4
14 1 1 3 5 7 2 6 0 4
15 1 1 3 5 7 2 0 6 4
16 1 1 3 5 7 0 2 6 4
17 2 1 3 5 7 4 2 6 0
18 3 0 3 5 7 4 2 6 1
19 3 2 3 5 7 4 0 6 1
20 1 2 3 5 7 0 4 6 1
21 1 0 3 5 7 2 4 6 1
22 3 1 3 5 7 2 4 6 0
40 0.08577203750610352
