0 0 9 8 4 3 2 5 10 6 0 1 11 7
7 1 9 8 4 3 2 5 10 6 7 1 11 0
9 3 0 8 4 3 2 5 10 6 7 1 11 9
2 3 2 8 4 3 0 5 10 6 7 1 11 9
8 1 2 0 4 3 8 5 10 6 7 1 11 9
4 1 2 4 0 3 8 5 10 6 7 1 11 9
1 3 2 4 1 3 8 5 10 6 7 0 11 9
10 1 2 4 1 3 8 5 0 6 7 10 11 9
6 1 2 4 1 3 8 5 6 0 7 10 11 9
8 1 2 4 1 3 0 5 6 8 7 10 11 9
4 1 2 0 1 3 4 5 6 8 7 10 11 9
2 1 0 2 1 3 4 5 6 8 7 10 11 9
1 2 1 2 0 3 4 5 6 8 7 10 11 9
4 3 1 2 4 3 0 5 6 8 7 10 11 9
5 1 1 2 4 3 5 0 6 8 7 10 11 9
7 1 1 2 4 3 5 7 6 8 0 10 11 9
9 1 1 2 4 3 5 7 6 8 9 10 11 0
11 1 1 2 4 3 5 7 6 8 9 10 0 11
10 1 1 2 4 3 5 7 6 8 9 0 10 11
8 3 1 2 4 3 5 7 6 0 9 8 10 11
9 1 1 2 4 3 5 7 6 9 0 8 10 11
7 1 1 2 4 3 5 0 6 9 7 8 10 11
4 1 1 2 0 3 5 4 6 9 7 8 10 11
5 3 1 2 5 3 0 4 6 9 7 8 10 11
4 1 1 2 5 3 4 0 6 9 7 8 10 11
5 1 1 2 0 3 4 5 6 9 7 8 10 11
2 1 1 0 2 3 4 5 6 9 7 8 10 11
1 1 0 1 2 3 4 5 6 9 7 8 10 11
2 2 2 1 0 3 4 5 6 9 7 8 10 11
4 3 2 1 4 3 0 5 6 9 7 8 10 11
3 1 2 1 4 0 3 5 6 9 7 8 10 11
2 1 0 1 4 2 3 5 6 9 7 8 10 11
1 1 1 0 4 2 3 5 6 9 7 8 10 11
3 1 1 3 4 2 0 5 6 9 7 8 10 11
5 1 1 3 4 2 5 0 6 9 7 8 10 11
4 1 1 3 0 2 5 4 6 9 7 8 10 11
3 1 1 0 3 2 5 4 6 9 7 8 10 11
1 1 0 1 3 2 5 4 6 9 7 8 10 11
2 1 2 1 3 0 5 4 6 9 7 8 10 11
5 1 2 1 3 5 0 4 6 9 7 8 10 11
4 1 2 1 3 5 4 0 6 9 7 8 10 11
7 1 2 1 3 5 4 7 6 9 0 8 10 11
9 1 2 1 3 5 4 7 6 0 9 8 10 11
6 1 2 1 3 5 4 7 0 6 9 8 10 11
5 1 2 1 3 0 4 7 5 6 9 8 10 11
4 1 2 1 3 4 0 7 5 6 9 8 10 11
6 1 2 1 3 4 6 7 5 0 9 8 10 11
9 1 2 1 3 4 6 7 5 9 0 8 10 11
7 1 2 1 3 4 6 0 5 9 7 8 10 11
6 1 2 1 3 4 0 6 5 9 7 8 10 11
4 1 2 1 3 0 4 6 5 9 7 8 10 11
5 1 2 1 3 5 4 6 0 9 7 8 10 11
8 1 2 1 3 5 4 6 8 9 7 0 10 11
9 3 2 1 3 5 4 6 8 0 7 9 10 11
8 1 2 1 3 5 4 6 0 8 7 9 10 11
5 1 2 1 3 0 4 6 5 8 7 9 10 11
4 1 2 1 3 4 0 6 5 8 7 9 10 11
6 1 2 1 3 4 6 0 5 8 7 9 10 11
7 1 2 1 3 4 6 7 5 8 0 9 10 11
8 1 2 1 3 4 6 7 5 0 8 9 10 11
6 1 2 1 3 4 0 7 5 6 8 9 10 11
4 1 2 1 3 0 4 7 5 6 8 9 10 11
5 1 2 1 3 5 4 7 0 6 8 9 10 11
6 1 2 1 3 5 4 7 6 0 8 9 10 11
8 1 2 1 3 5 4 7 6 8 0 9 10 11
7 1 2 1 3 5 4 0 6 8 7 9 10 11
4 1 2 1 3 5 0 4 6 8 7 9 10 11
5 1 2 1 3 0 5 4 6 8 7 9 10 11
2 1 0 1 3 2 5 4 6 8 7 9 10 11
1 1 1 0 3 2 5 4 6 8 7 9 10 11
3 1 1 3 0 2 5 4 6 8 7 9 10 11
4 1 1 3 4 2 5 0 6 8 7 9 10 11
5 1 1 3 4 2 0 5 6 8 7 9 10 11
3 1 1 0 4 2 3 5 6 8 7 9 10 11
4 1 1 4 0 2 3 5 6 8 7 9 10 11
3 3 1 4 3 2 0 5 6 8 7 9 10 11
4 1 1 0 3 2 4 5 6 8 7 9 10 11
3 1 1 3 0 2 4 5 6 8 7 9 10 11
1 2 0 3 1 2 4 5 6 8 7 9 10 11
2 1 2 3 1 0 4 5 6 8 7 9 10 11
4 1 2 3 1 4 0 5 6 8 7 9 10 11
3 1 2 0 1 4 3 5 6 8 7 9 10 11
2 1 0 2 1 4 3 5 6 8 7 9 10 11
1 2 1 2 0 4 3 5 6 8 7 9 10 11
3 3 1 2 3 4 0 5 6 8 7 9 10 11
5 1 1 2 3 4 5 0 6 8 7 9 10 11
7 1 1 2 3 4 5 7 6 8 0 9 10 11
8 1 1 2 3 4 5 7 6 0 8 9 10 11
6 1 1 2 3 4 5 7 0 6 8 9 10 11
4 1 1 2 3 0 5 7 4 6 8 9 10 11
5 1 1 2 3 5 0 7 4 6 8 9 10 11
6 1 1 2 3 5 6 7 4 0 8 9 10 11
8 1 1 2 3 5 6 7 4 8 0 9 10 11
7 1 1 2 3 5 6 0 4 8 7 9 10 11
6 1 1 2 3 5 0 6 4 8 7 9 10 11
5 1 1 2 3 0 5 6 4 8 7 9 10 11
4 1 1 2 3 4 5 6 0 8 7 9 10 11
9 1 1 2 3 4 5 6 9 8 7 0 10 11
8 3 1 2 3 4 5 6 9 0 7 8 10 11
9 1 1 2 3 4 5 6 0 9 7 8 10 11
8 1 1 2 3 4 5 6 8 9 7 0 10 11
10 1 1 2 3 4 5 6 8 9 7 10 0 11
11 1 1 2 3 4 5 6 8 9 7 10 11 0
10 2 1 2 3 4 5 6 8 9 7 0 11 10
9 3 1 2 3 4 5 6 8 0 7 9 11 10
7 1 1 2 3 4 5 6 8 7 0 9 11 10
10 1 1 2 3 4 5 6 8 7 10 9 11 0
11 1 1 2 3 4 5 6 8 7 10 9 0 11
9 1 1 2 3 4 5 6 8 7 10 0 9 11
8 1 1 2 3 4 5 6 0 7 10 8 9 11
7 1 1 2 3 4 5 6 7 0 10 8 9 11
9 1 1 2 3 4 5 6 7 9 10 8 0 11
11 1 1 2 3 4 5 6 7 9 10 8 11 0
10 1 1 2 3 4 5 6 7 9 0 8 11 10
9 1 1 2 3 4 5 6 7 0 9 8 11 10
7 1 1 2 3 4 5 6 0 7 9 8 11 10
8 1 1 2 3 4 5 6 8 7 9 0 11 10
10 2 1 2 3 4 5 6 8 7 9 10 11 0
11 1 1 2 3 4 5 6 8 7 9 10 0 11
10 1 1 2 3 4 5 6 8 7 9 0 10 11
7 3 1 2 3 4 5 6 8 0 9 7 10 11
8 1 1 2 3 4 5 6 0 8 9 7 10 11
7 1 1 2 3 4 5 6 7 8 9 0 10 11
10 1 1 2 3 4 5 6 7 8 9 10 0 11
11 1 1 2 3 4 5 6 7 8 9 10 11 0
156 3.985964059829712
