6 0 6 6 1 3 4 0 5 2 7
6 1 5 6 1 3 4 5 0 2 7
6 1 4 6 1 3 4 5 2 0 7
6 1 3 6 1 3 4 5 2 7 0
7 1 6 0 1 3 4 6 5 2 7
7 1 5 1 0 3 4 6 5 2 7
8 2 6 6 1 3 4 7 5 2 0
8 1 6 6 0 3 4 5 1 2 7
8 1 5 6 1 0 4 5 2 3 7
8 1 4 6 1 3 0 5 2 7 4
8 1 5 6 1 3 4 7 5 0 2
9 3 6 6 0 3 4 1 5 2 7
9 2 4 6 1 3 4 0 2 7 5
9 3 3 0 1 3 4 5 2 7 6
9 1 6 1 5 3 4 6 0 2 7
9 1 6 1 3 0 4 6 5 2 7
9 1 6 0 6 3 4 5 1 2 7
9 1 2 1 0 3 4 5 2 7 6
9 1 5 1 5 3 4 0 6 2 7
9 1 5 1 5 3 4 6 2 0 7
9 1 5 1 3 2 4 6 5 0 7
9 1 1 1 2 3 4 5 0 7 6
9 1 4 1 5 3 4 6 2 7 0
9 1 4 1 3 2 4 6 5 7 0
10 3 7 6 1 3 0 4 5 2 7
10 3 4 6 1 0 4 5 2 7 3
10 2 7 4 1 3 0 6 5 2 7
10 3 6 5 1 3 4 6 0 2 7
10 3 6 7 1 3 4 6 5 2 0
10 1 7 6 1 3 0 7 5 2 4
10 1 7 6 3 0 4 5 1 2 7
10 1 6 6 0 1 4 5 2 3 7
10 1 6 6 1 4 0 5 2 3 7
10 1 5 6 1 0 3 5 2 7 4
10 2 4 0 1 3 6 5 2 7 4
10 1 6 6 1 0 4 7 5 3 2
10 1 6 6 1 3 4 7 0 5 2
10 1 6 0 6 3 4 1 5 2 7
10 1 4 0 1 3 4 6 2 7 5
10 1 4 6 1 3 4 2 0 7 5
10 3 4 1 6 3 4 5 0 2 7
10 3 3 1 0 3 4 5 6 2 7
10 1 5 5 1 3 4 0 6 2 7
10 1 5 5 1 3 4 6 2 0 7
10 1 5 7 1 3 4 6 5 0 2
10 1 6 6 3 2 4 5 1 0 7
10 1 5 6 2 1 4 5 0 3 7
10 1 3 1 0 3 6 5 2 7 4
10 1 5 1 6 3 4 0 5 2 7
10 1 3 1 0 3 4 6 2 7 5
10 1 3 1 6 3 4 5 2 0 7
10 1 4 0 1 3 4 5 6 2 7
10 1 4 5 1 3 4 6 2 7 0
10 1 5 6 3 2 4 5 1 7 0
10 1 2 1 2 3 6 5 0 7 4
10 1 2 1 2 3 4 6 0 7 5
10 1 2 1 6 3 4 5 2 7 0
10 1 1 1 2 3 4 0 6 7 5
11 3 6 0 1 3 4 7 5 2 6
11 1 7 6 5 3 4 1 0 2 7
11 1 7 6 3 0 4 1 5 2 7
11 1 4 5 1 3 4 0 2 7 6
11 1 7 1 3 4 0 6 5 2 7
11 1 7 5 6 3 4 0 1 2 7
11 1 3 1 3 0 4 5 2 7 6
11 1 6 0 5 3 4 1 6 2 7
11 2 5 1 5 3 4 7 6 2 0
11 1 6 1 5 0 4 6 2 3 7
11 1 6 1 3 2 4 6 0 5 7
11 1 2 1 2 3 4 0 5 7 6
11 1 2 1 2 3 4 5 7 0 6
11 1 5 1 5 3 0 6 2 7 4
11 2 4 1 5 3 4 0 2 7 6
11 1 5 1 3 2 0 6 5 7 4
11 2 4 1 3 2 4 0 5 7 6
11 1 7 6 1 3 7 4 5 2 0
11 1 7 4 1 3 7 6 5 2 0
11 1 6 0 6 1 4 5 2 3 7
11 1 6 6 1 4 7 5 2 3 0
11 1 6 6 1 3 4 0 7 5 2
11 2 0 1 2 3 4 5 6 7 0
