0 0 12 2 5 7 6 1 4 3 0
0 0 8 2 5 0 6 1 4 3 7
0 0 7 2 5 3 6 1 4 0 7
0 0 7 2 5 3 6 1 0 4 7
0 0 6 2 0 3 6 1 5 4 7
0 0 6 0 2 3 6 1 5 4 7
0 0 3 1 2 3 6 0 5 4 7
0 0 3 1 2 3 6 5 0 4 7
0 0 3 1 2 3 0 6 5 4 7
0 0 1 1 2 3 4 6 5 0 7
0 0 1 1 2 3 4 6 0 5 7
0 0 1 1 2 3 4 6 5 7 0
0 0 1 1 2 3 4 0 6 5 7
0 0 1 1 2 3 4 0 5 7 6
0 0 1 1 2 3 0 4 6 5 7
0 0 1 1 2 3 4 5 0 7 6
0 0 1 1 2 3 0 4 5 7 6
0 0 1 1 2 0 3 4 6 5 7
0 0 1 1 2 3 5 4 6 0 7
0 0 1 1 2 3 4 5 7 0 6
0 0 1 1 2 0 3 4 5 7 6
0 0 1 1 0 2 3 4 6 5 7
0 0 1 1 2 3 5 4 0 6 7
0 0 1 1 2 3 5 4 6 7 0
0 0 1 1 2 3 4 5 7 6 0
0 0 1 1 0 2 3 4 5 7 6
0 0 1 0 1 2 3 4 6 5 7
0 0 1 1 2 3 5 0 4 6 7
0 0 1 0 1 2 3 4 5 7 6
0 0 1 1 2 3 0 5 4 6 7
0 0 1 1 2 0 3 5 4 6 7
0 0 1 1 0 2 3 5 4 6 7
0 0 1 0 1 2 3 5 4 6 7
0 0 2 1 2 3 6 4 5 7 0
0 0 2 1 2 5 3 4 6 0 7
0 0 2 1 2 3 0 4 6 7 5
0 0 2 1 4 2 3 5 0 6 7
0 0 2 1 2 3 6 4 5 0 7
0 0 2 1 2 5 3 4 0 6 7
0 0 2 1 2 5 3 4 6 7 0
0 0 2 1 2 0 3 4 6 7 5
0 0 2 1 2 3 4 0 6 7 5
0 0 0 1 2 3 4 5 6 7 0
