0 0 11 1 9 0 5 6 10 3 8 11 2 4 7
0 0 7 1 9 2 5 6 10 3 8 11 0 4 7
0 0 6 1 9 2 5 6 10 3 8 11 7 4 0
0 0 3 1 9 2 5 6 10 3 0 11 7 4 8
0 0 3 1 9 2 5 6 10 0 3 11 7 4 8
0 0 3 1 9 2 5 6 10 3 11 0 7 4 8
0 0 3 1 9 2 5 6 10 7 3 11 0 4 8
0 0 3 1 9 2 5 6 10 7 3 11 4 0 8
0 0 3 1 9 2 5 6 10 7 3 11 4 8 0
0 0 4 1 9 2 5 6 10 7 3 11 8 4 0
0 0 4 1 9 2 5 6 10 7 0 11 3 4 8
0 0 4 1 9 2 5 6 10 7 3 11 0 8 4
0 0 4 1 9 2 5 6 10 7 3 11 8 0 4
0 0 4 1 9 2 5 6 10 0 7 11 3 4 8
0 0 2 1 9 2 5 6 10 3 7 11 0 4 8
0 0 2 1 9 2 5 6 10 3 7 11 4 0 8
0 0 2 1 9 2 5 6 10 3 7 11 4 8 0
0 0 3 1 9 2 5 6 10 3 7 11 8 4 0
0 0 3 1 9 2 5 6 10 3 7 11 0 8 4
0 0 3 1 9 2 5 6 10 3 7 11 8 0 4
0 0 4 1 9 2 5 6 10 7 11 0 3 4 8
0 0 4 1 9 2 5 6 10 0 3 11 7 8 4
0 0 4 1 9 2 5 6 10 3 0 11 4 7 8
0 0 4 1 9 2 5 6 10 3 7 0 4 8 11
0 0 4 1 9 2 5 6 10 3 0 11 7 8 4
0 0 4 1 9 2 5 6 10 0 3 11 4 7 8
0 0 4 1 9 2 5 6 10 3 11 0 4 7 8
0 0 4 1 9 2 5 6 10 3 0 7 4 8 11
0 0 4 1 9 2 5 6 10 3 11 0 7 8 4
0 0 4 1 9 2 5 6 10 0 3 7 4 8 11
0 0 4 1 9 2 5 6 10 3 11 4 7 8 0
0 0 4 1 9 2 5 6 10 3 11 4 7 0 8
0 0 4 1 9 2 5 6 10 3 0 4 7 11 8
0 0 4 1 9 2 5 6 10 3 11 4 0 7 8
0 0 4 1 9 2 5 6 10 0 3 4 7 11 8
0 0 4 1 9 2 5 6 10 3 4 0 7 11 8
0 0 4 1 9 2 5 6 10 7 3 4 0 11 8
0 0 4 1 9 2 5 6 10 7 3 4 11 0 8
0 0 4 1 9 2 5 6 10 7 3 4 11 8 0
0 0 4 1 9 2 5 6 10 7 3 0 11 8 4
0 0 4 1 9 2 5 6 10 7 0 3 11 8 4
0 0 4 1 9 2 5 6 10 0 7 3 11 8 4
0 0 5 1 9 2 5 6 10 3 4 11 7 0 8
0 0 5 1 9 2 5 0 10 3 6 11 7 4 8
0 0 5 1 9 2 0 6 10 5 3 11 7 4 8
0 0 5 1 9 2 5 6 10 3 11 8 7 4 0
0 0 5 1 9 2 5 6 0 3 11 10 7 4 8
0 0 5 1 9 2 5 6 10 7 0 11 4 3 8
0 0 5 1 9 2 5 6 10 7 3 0 4 8 11
0 0 5 1 9 2 5 6 10 7 0 11 3 8 4
0 0 5 1 9 2 5 6 10 3 0 11 4 8 7
0 0 5 1 9 2 5 6 10 3 7 0 8 4 11
0 0 5 1 9 2 5 6 10 0 7 11 3 8 4
0 0 5 1 9 2 5 6 10 3 0 11 8 7 4
0 0 5 1 9 2 5 6 10 3 11 4 0 8 7
0 0 5 1 9 2 5 6 10 3 0 4 7 8 11
0 0 5 1 9 2 5 6 10 3 11 4 8 7 0
0 0 5 1 9 2 5 6 10 3 0 4 11 7 8
0 0 3 1 9 2 5 6 10 3 7 4 11 0 8
0 0 3 1 9 2 5 6 10 3 7 4 0 11 8
0 0 3 1 9 2 5 6 10 3 7 4 11 8 0
0 0 3 1 9 2 5 6 10 3 7 0 11 8 4
0 0 3 1 9 2 5 6 10 3 0 7 11 8 4
0 0 3 1 9 2 5 6 10 0 3 7 11 8 4
0 0 4 1 9 2 5 6 10 3 7 4 8 11 0
0 0 4 1 9 2 5 6 10 3 7 4 0 8 11
0 0 4 1 9 2 5 6 10 3 7 0 8 11 4
0 0 4 1 9 2 5 6 10 3 7 4 8 0 11
0 0 4 1 9 2 5 6 10 3 0 7 8 11 4
0 0 4 1 9 2 5 6 10 3 11 7 8 0 4
0 0 4 1 9 2 5 6 10 0 3 7 8 11 4
0 0 4 1 9 2 5 6 10 3 11 7 0 8 4
0 0 3 1 9 2 5 6 10 3 11 7 4 8 0
0 0 3 1 9 2 5 6 10 3 11 7 4 0 8
0 0 3 1 9 2 5 6 10 3 0 7 4 11 8
0 0 3 1 9 2 5 6 10 3 11 7 0 4 8
0 0 2 1 9 2 5 6 10 3 0 7 11 4 8
0 0 2 1 9 2 5 6 10 0 3 7 11 4 8
0 0 2 1 9 2 5 6 10 3 7 0 11 4 8
0 0 3 1 9 2 5 6 10 0 3 7 4 11 8
0 0 3 1 9 2 5 6 10 3 7 0 4 11 8
0 0 4 1 9 2 5 6 10 3 11 7 8 4 0
0 0 4 1 9 2 5 6 10 3 4 7 11 0 8
0 0 4 1 9 2 5 0 10 3 6 7 11 4 8
0 0 4 1 9 2 5 6 10 11 3 7 0 4 8
0 0 4 1 9 2 0 6 10 5 3 7 11 4 8
0 0 4 1 9 2 5 6 10 3 7 8 11 4 0
0 0 4 1 9 2 5 6 0 3 7 10 11 4 8
0 0 4 1 9 2 5 6 10 3 4 7 0 11 8
0 0 4 1 9 2 5 6 10 3 4 7 11 8 0
0 0 4 1 0 2 5 9 10 3 6 7 11 4 8
0 0 4 1 9 2 0 5 10 3 6 7 11 4 8
0 0 4 1 9 2 5 10 0 3 6 7 11 4 8
0 0 4 1 9 2 5 6 10 11 3 7 4 0 8
0 0 4 1 9 2 6 0 10 5 3 7 11 4 8
0 0 4 1 9 2 5 6 10 3 7 8 11 0 4
0 0 4 1 9 0 5 6 2 3 7 10 11 4 8
0 0 4 1 9 2 5 0 6 3 7 10 11 4 8
0 0 4 0 1 2 5 9 10 3 6 7 11 4 8
0 0 4 1 2 0 5 9 10 3 6 7 11 4 8
0 0 4 1 9 0 5 10 2 3 6 7 11 4 8
0 0 4 1 9 2 5 6 10 11 3 7 4 8 0
0 0 4 1 9 2 6 10 0 5 3 7 11 4 8
0 0 4 1 9 2 5 6 10 3 7 8 0 11 4
0 0 4 1 0 9 5 6 2 3 7 10 11 4 8
0 0 4 1 0 2 5 9 6 3 7 10 11 4 8
0 0 4 1 9 2 0 5 6 3 7 10 11 4 8
0 0 4 5 1 2 0 9 10 3 6 7 11 4 8
0 0 4 1 0 9 5 10 2 3 6 7 11 4 8
0 0 4 0 1 9 5 6 2 3 7 10 11 4 8
0 0 4 0 1 2 5 9 6 3 7 10 11 4 8
0 0 4 1 2 0 5 9 6 3 7 10 11 4 8
0 0 4 5 1 2 9 0 10 3 6 7 11 4 8
0 0 2 5 1 2 9 6 10 3 0 7 11 4 8
0 0 2 5 1 2 9 6 10 0 3 7 11 4 8
0 0 2 5 1 2 9 6 10 3 7 0 11 4 8
0 0 4 0 1 9 5 10 2 3 6 7 11 4 8
0 0 4 5 1 9 0 6 2 3 7 10 11 4 8
0 0 4 5 1 2 0 9 6 3 7 10 11 4 8
0 0 4 5 1 2 9 10 0 3 6 7 11 4 8
0 0 4 5 1 2 9 6 10 3 4 7 11 0 8
0 0 4 5 1 2 9 6 10 11 3 7 0 4 8
0 0 4 5 1 2 0 6 10 9 3 7 11 4 8
0 0 4 5 1 2 9 6 10 3 7 8 11 4 0
0 0 4 5 1 2 9 6 0 3 7 10 11 4 8
0 0 4 5 1 9 0 10 2 3 6 7 11 4 8
0 0 4 5 1 9 6 0 2 3 7 10 11 4 8
0 0 4 5 1 2 9 0 6 3 7 10 11 4 8
0 0 4 5 1 0 9 10 2 3 6 7 11 4 8
0 0 3 0 1 5 9 10 2 3 6 7 11 4 8
0 0 3 1 0 5 9 10 2 3 6 7 11 4 8
0 0 3 1 5 0 9 10 2 3 6 7 11 4 8
0 0 3 1 5 2 9 10 0 3 6 7 11 4 8
0 0 3 1 5 2 9 0 10 3 6 7 11 4 8
0 0 1 1 5 2 9 6 10 3 0 7 11 4 8
0 0 1 1 5 2 9 6 10 0 3 7 11 4 8
0 0 1 1 5 2 9 6 10 3 7 0 11 4 8
0 0 3 1 5 2 0 9 10 3 6 7 11 4 8
0 0 3 1 5 2 9 6 10 3 4 7 11 0 8
0 0 3 1 5 2 9 6 10 11 3 7 0 4 8
0 0 3 1 5 2 0 6 10 9 3 7 11 4 8
0 0 3 1 5 2 9 6 10 3 7 8 11 4 0
0 0 3 1 5 2 9 6 0 3 7 10 11 4 8
0 0 3 1 5 2 9 6 10 3 4 7 0 11 8
0 0 2 1 5 2 9 6 10 3 0 7 4 11 8
0 0 2 1 5 2 9 6 10 3 11 7 4 0 8
0 0 2 1 5 2 9 6 10 0 3 7 4 11 8
0 0 2 1 5 2 9 6 10 3 7 0 4 11 8
0 0 2 1 5 2 9 6 10 3 11 7 0 4 8
0 0 2 1 5 2 9 6 10 3 11 7 4 8 0
0 0 3 1 5 2 9 6 10 3 4 7 11 8 0
0 0 2 1 5 2 9 6 10 3 0 7 11 8 4
0 0 2 1 5 2 9 6 10 0 3 7 11 8 4
0 0 2 1 5 2 9 6 10 3 7 0 11 8 4
0 0 2 1 5 2 9 6 10 3 7 4 11 8 0
0 0 2 1 5 2 9 6 10 3 7 4 11 0 8
0 0 2 1 5 2 9 6 10 3 7 4 0 11 8
0 0 3 1 5 2 9 6 10 11 3 7 4 0 8
0 0 3 1 5 2 6 0 10 9 3 7 11 4 8
0 0 3 1 5 2 9 6 10 3 7 8 11 0 4
0 0 3 1 5 0 9 6 2 3 7 10 11 4 8
0 0 3 1 5 2 9 0 6 3 7 10 11 4 8
0 0 3 1 5 2 9 6 10 3 11 7 8 4 0
0 0 3 1 5 2 9 6 10 3 11 7 0 8 4
0 0 3 1 5 2 9 6 10 3 0 7 4 8 11
0 0 3 1 5 2 9 6 10 3 7 4 0 8 11
0 0 3 1 5 2 9 6 10 3 7 4 8 11 0
0 0 3 1 5 2 9 6 10 3 0 4 7 11 8
0 0 3 1 5 2 9 6 10 11 3 7 4 8 0
0 0 3 1 5 2 6 10 0 9 3 7 11 4 8
0 0 3 1 5 2 9 6 10 3 7 8 0 11 4
0 0 3 1 0 5 9 6 2 3 7 10 11 4 8
0 0 3 1 5 2 0 9 6 3 7 10 11 4 8
0 0 3 1 5 2 9 6 10 3 11 7 8 0 4
0 0 3 1 5 2 9 6 10 0 3 7 4 8 11
0 0 3 1 5 2 9 6 10 3 7 0 4 8 11
0 0 1 1 5 2 9 6 10 3 7 11 4 8 0
0 0 1 1 5 2 9 6 10 3 7 11 4 0 8
0 0 1 1 5 2 9 6 10 3 7 11 0 4 8
0 0 2 1 5 2 9 6 10 3 7 11 0 8 4
0 0 2 1 5 2 9 6 10 3 7 11 8 4 0
0 0 2 1 5 2 9 6 10 3 0 11 7 4 8
0 0 2 1 5 2 9 6 10 3 7 11 8 0 4
0 0 2 1 5 2 9 6 10 0 3 11 7 4 8
0 0 2 1 5 2 9 6 10 3 11 0 7 4 8
0 0 2 1 5 2 9 6 10 7 3 11 0 4 8
0 0 2 1 5 2 9 6 10 7 3 11 4 0 8
0 0 2 1 5 2 9 6 10 7 3 11 4 8 0
0 0 3 1 5 2 9 6 10 3 7 4 8 0 11
0 0 3 1 5 2 9 6 10 3 7 0 8 11 4
0 0 3 1 5 2 9 6 10 3 11 4 7 0 8
0 0 3 1 5 2 9 6 10 0 3 4 7 11 8
0 0 3 1 5 2 9 6 10 3 4 0 7 11 8
0 0 3 0 1 5 9 6 2 3 7 10 11 4 8
0 0 3 1 5 2 9 6 10 3 0 7 8 11 4
0 0 3 1 5 2 9 6 10 3 0 11 4 7 8
0 0 3 1 5 2 9 6 10 0 7 11 3 4 8
0 0 3 1 5 2 9 6 10 3 0 11 7 8 4
0 0 3 1 5 2 9 6 10 7 3 11 8 4 0
0 0 3 1 5 2 9 6 10 7 0 11 3 4 8
0 0 3 1 5 2 9 6 10 7 3 11 0 8 4
0 0 3 1 5 2 9 6 10 3 11 4 0 7 8
0 0 3 1 5 2 9 6 10 3 11 4 7 8 0
0 0 3 1 5 2 9 6 10 7 3 4 0 11 8
0 0 3 1 5 2 9 6 10 0 3 7 8 11 4
0 0 3 1 5 2 9 6 10 0 3 11 4 7 8
0 0 3 1 5 2 9 6 10 3 11 0 4 7 8
0 0 3 1 5 2 9 6 10 0 3 11 7 8 4
0 0 3 1 5 2 9 6 10 3 11 0 7 8 4
0 0 3 1 5 2 9 6 10 7 3 11 8 0 4
0 0 3 1 5 2 9 6 10 7 11 0 3 4 8
0 0 3 1 5 2 9 6 10 7 3 4 11 0 8
0 0 3 1 5 2 9 6 10 7 3 4 11 8 0
0 0 3 1 5 2 9 6 10 7 3 0 11 8 4
0 0 3 1 5 2 9 6 10 7 0 3 11 8 4
0 0 3 1 5 2 9 6 10 0 7 3 11 8 4
0 0 4 5 1 2 9 6 10 3 4 7 0 11 8
0 0 3 5 1 2 9 6 10 3 0 7 4 11 8
0 0 3 5 1 2 9 6 10 3 11 7 4 0 8
0 0 3 5 1 2 9 6 10 0 3 7 4 11 8
0 0 3 5 1 2 9 6 10 3 7 0 4 11 8
0 0 3 5 1 2 9 6 10 3 11 7 0 4 8
0 0 3 5 1 2 9 6 10 3 11 7 4 8 0
0 0 4 5 1 2 9 6 10 3 4 7 11 8 0
0 0 3 5 1 2 9 6 10 3 0 7 11 8 4
0 0 3 5 1 2 9 6 10 0 3 7 11 8 4
0 0 3 5 1 2 9 6 10 3 7 0 11 8 4
0 0 3 5 1 2 9 6 10 3 7 4 11 8 0
0 0 3 5 1 2 9 6 10 3 7 4 11 0 8
0 0 3 5 1 2 9 6 10 3 7 4 0 11 8
0 0 4 5 1 2 9 6 10 11 3 7 4 0 8
0 0 4 0 1 2 5 6 10 9 3 7 11 4 8
0 0 4 5 1 2 6 0 10 9 3 7 11 4 8
0 0 4 5 1 2 9 6 10 3 7 8 11 0 4
0 0 4 5 1 0 9 6 2 3 7 10 11 4 8
0 0 4 5 1 9 10 0 2 3 6 7 11 4 8
0 0 4 5 1 9 6 2 0 3 7 10 11 4 8
0 0 2 5 1 9 6 2 10 3 7 0 11 4 8
0 0 2 5 1 9 6 2 10 3 0 7 11 4 8
0 0 2 5 1 9 6 2 10 0 3 7 11 4 8
0 0 2 5 1 9 0 2 10 6 3 7 11 4 8
0 0 2 0 1 9 5 2 10 6 3 7 11 4 8
0 0 2 5 1 9 2 0 10 6 3 7 11 4 8
0 0 2 1 0 9 5 2 10 6 3 7 11 4 8
0 0 2 5 1 9 2 10 0 6 3 7 11 4 8
0 0 2 1 9 0 5 2 10 6 3 7 11 4 8
0 0 3 9 1 0 5 2 10 6 3 7 11 4 8
0 0 3 0 9 1 5 2 10 6 3 7 11 4 8
0 0 3 1 9 2 5 0 10 6 3 7 11 4 8
0 0 3 9 0 1 5 2 10 6 3 7 11 4 8
0 0 3 5 9 1 0 2 10 6 3 7 11 4 8
0 0 3 1 0 2 5 9 10 6 3 7 11 4 8
0 0 3 1 9 2 0 5 10 6 3 7 11 4 8
0 0 3 1 9 2 5 10 0 6 3 7 11 4 8
0 0 3 5 9 1 6 2 10 0 3 7 11 4 8
0 0 3 5 9 1 2 0 10 6 3 7 11 4 8
0 0 3 0 1 2 5 9 10 6 3 7 11 4 8
0 0 3 1 2 0 5 9 10 6 3 7 11 4 8
0 0 3 1 9 2 6 5 10 0 3 7 11 4 8
0 0 3 1 9 0 5 10 2 6 3 7 11 4 8
0 0 3 5 9 1 6 2 10 3 0 7 11 4 8
0 0 3 5 0 1 2 9 10 6 3 7 11 4 8
0 0 3 5 9 1 2 10 0 6 3 7 11 4 8
0 0 3 5 1 2 0 9 10 6 3 7 11 4 8
0 0 3 1 9 2 6 5 10 3 0 7 11 4 8
0 0 3 1 0 9 5 10 2 6 3 7 11 4 8
0 0 3 5 9 1 6 2 10 3 7 0 11 4 8
0 0 3 0 5 1 2 9 10 6 3 7 11 4 8
0 0 2 1 5 0 2 9 10 6 3 7 11 4 8
0 0 1 1 5 9 2 0 10 6 3 7 11 4 8
0 0 1 1 5 9 0 2 10 6 3 7 11 4 8
0 0 1 1 5 9 2 10 0 6 3 7 11 4 8
0 0 1 1 5 9 6 2 10 0 3 7 11 4 8
0 0 1 1 5 9 6 2 10 3 0 7 11 4 8
0 0 1 1 5 9 6 2 10 3 7 0 11 4 8
0 0 2 1 0 5 2 9 10 6 3 7 11 4 8
0 0 2 1 9 5 2 0 10 6 3 7 11 4 8
0 0 2 0 1 5 2 9 10 6 3 7 11 4 8
0 0 2 1 9 5 0 2 10 6 3 7 11 4 8
0 0 2 1 9 5 2 10 0 6 3 7 11 4 8
0 0 2 1 9 5 6 2 10 0 3 7 11 4 8
0 0 2 1 9 5 6 2 10 3 0 7 11 4 8
0 0 2 1 9 5 6 2 10 3 7 0 11 4 8
0 0 3 5 1 0 2 9 10 6 3 7 11 4 8
0 0 3 5 1 2 6 9 10 0 3 7 11 4 8
0 0 3 5 1 2 9 0 10 6 3 7 11 4 8
0 0 3 1 9 2 6 5 10 3 7 0 11 4 8
0 0 3 0 1 9 5 10 2 6 3 7 11 4 8
0 0 3 1 5 9 2 3 10 6 0 7 11 4 8
0 0 3 1 0 9 2 5 10 6 3 7 11 4 8
0 0 3 0 5 9 1 2 10 6 3 7 11 4 8
0 0 3 1 5 9 2 10 7 6 3 0 11 4 8
0 0 3 1 5 0 2 10 9 6 3 7 11 4 8
0 0 3 1 5 9 6 2 10 11 3 7 0 4 8
0 0 3 1 5 9 6 2 10 3 4 7 11 0 8
0 0 3 1 5 9 6 0 10 3 2 7 11 4 8
0 0 3 1 5 9 6 2 10 3 7 8 11 4 0
0 0 3 1 5 9 6 2 0 3 7 10 11 4 8
0 0 3 9 1 5 2 0 10 6 3 7 11 4 8
0 0 3 5 1 2 6 9 10 3 0 7 11 4 8
0 0 3 5 1 2 9 10 0 6 3 7 11 4 8
0 0 3 5 1 9 0 10 2 6 3 7 11 4 8
0 0 3 1 5 9 2 3 10 0 6 7 11 4 8
0 0 3 1 5 9 2 3 10 6 7 0 11 4 8
0 0 3 0 1 9 2 5 10 6 3 7 11 4 8
0 0 3 1 9 0 2 5 10 6 3 7 11 4 8
0 0 3 5 0 9 1 2 10 6 3 7 11 4 8
0 0 3 1 5 9 2 10 7 6 0 3 11 4 8
0 0 3 1 0 5 2 10 9 6 3 7 11 4 8
0 0 3 1 5 9 6 2 10 11 3 7 4 0 8
0 0 3 1 5 9 6 2 10 3 4 7 0 11 8
0 0 2 1 5 9 6 2 10 3 0 7 4 11 8
0 0 2 1 5 9 6 2 10 3 11 7 4 0 8
0 0 2 1 5 9 6 2 10 0 3 7 4 11 8
0 0 2 1 5 9 6 2 10 3 7 0 4 11 8
0 0 2 1 5 9 6 2 10 3 11 7 0 4 8
0 0 2 1 5 9 6 2 10 3 11 7 4 8 0
0 0 2 1 5 9 0 2 10 6 3 7 4 11 8
0 0 2 1 5 9 2 0 10 6 3 7 4 11 8
0 0 2 1 5 9 2 10 0 6 3 7 4 11 8
0 0 3 1 5 9 6 2 10 3 4 7 11 8 0
0 0 2 1 5 9 6 2 10 3 0 7 11 8 4
0 0 2 1 5 9 6 2 10 0 3 7 11 8 4
0 0 2 1 5 9 6 2 10 3 7 0 11 8 4
0 0 2 1 5 9 0 2 10 6 3 7 11 8 4
0 0 2 1 5 9 6 2 10 3 7 4 11 8 0
0 0 2 1 5 9 2 0 10 6 3 7 11 8 4
0 0 2 1 5 9 6 2 10 3 7 4 11 0 8
0 0 2 1 5 9 2 10 0 6 3 7 11 8 4
0 0 2 1 5 9 6 2 10 3 7 4 0 11 8
0 0 3 1 5 9 0 6 10 3 2 7 11 4 8
0 0 3 1 5 9 6 10 0 3 2 7 11 4 8
0 0 3 1 5 9 6 2 10 3 7 8 11 0 4
0 0 3 1 5 9 6 0 2 3 7 10 11 4 8
0 0 3 9 1 5 0 2 10 6 3 7 11 4 8
0 0 1 0 1 5 9 2 10 6 3 7 11 4 8
0 0 1 1 0 5 9 2 10 6 3 7 11 4 8
0 0 1 1 5 0 9 2 10 6 3 7 11 4 8
0 0 2 5 1 0 9 2 10 6 3 7 11 4 8
0 0 2 0 5 1 9 2 10 6 3 7 11 4 8
0 0 2 1 5 2 9 0 10 6 3 7 11 4 8
0 0 2 5 0 1 9 2 10 6 3 7 11 4 8
0 0 2 1 5 2 0 9 10 6 3 7 11 4 8
0 0 2 1 5 2 9 10 0 6 3 7 11 4 8
0 0 2 1 5 2 6 9 10 0 3 7 11 4 8
0 0 2 1 5 0 9 10 2 6 3 7 11 4 8
0 0 2 1 5 2 6 9 10 3 0 7 11 4 8
0 0 2 1 0 5 9 10 2 6 3 7 11 4 8
0 0 2 1 5 2 6 9 10 3 7 0 11 4 8
0 0 2 0 1 5 9 10 2 6 3 7 11 4 8
0 0 3 9 1 5 2 10 0 6 3 7 11 4 8
0 0 3 5 1 2 6 9 10 3 7 0 11 4 8
0 0 3 5 1 0 9 10 2 6 3 7 11 4 8
0 0 3 5 1 9 6 10 2 0 3 7 11 4 8
0 0 3 5 1 9 10 0 2 6 3 7 11 4 8
0 0 3 1 5 9 2 3 0 6 7 10 11 4 8
0 0 3 5 9 0 1 2 10 6 3 7 11 4 8
0 0 3 1 5 9 2 0 7 6 10 3 11 4 8
0 0 3 1 5 9 2 10 7 0 6 3 11 4 8
0 0 3 0 1 5 2 10 9 6 3 7 11 4 8
0 0 3 1 5 9 6 2 10 11 3 7 4 8 0
0 0 3 1 5 9 6 2 10 3 11 7 8 4 0
0 0 3 1 5 9 6 2 10 3 11 7 0 8 4
0 0 3 1 5 9 6 2 10 3 0 7 4 8 11
0 0 3 1 5 9 6 2 10 3 7 4 0 8 11
0 0 3 1 5 9 6 2 10 3 7 4 8 11 0
0 0 3 1 5 9 6 2 10 3 0 4 7 11 8
0 0 3 1 5 9 6 2 10 3 7 8 0 11 4
0 0 3 1 5 9 0 6 2 3 7 10 11 4 8
0 0 3 9 1 5 6 2 10 0 3 7 11 4 8
0 0 3 1 2 5 9 0 10 6 3 7 11 4 8
0 0 3 1 5 10 9 2 0 6 3 7 11 4 8
0 0 3 0 5 1 9 10 2 6 3 7 11 4 8
0 0 3 1 5 10 9 0 2 6 3 7 11 4 8
0 0 3 5 0 1 9 10 2 6 3 7 11 4 8
0 0 3 5 1 9 6 10 2 3 0 7 11 4 8
0 0 3 5 1 9 10 2 0 6 3 7 11 4 8
0 0 3 1 5 9 2 0 3 6 7 10 11 4 8
0 0 3 1 5 9 0 2 7 6 10 3 11 4 8
0 0 3 1 5 9 2 7 0 6 10 3 11 4 8
0 0 3 1 5 9 6 2 10 3 11 7 8 0 4
0 0 3 1 5 9 6 2 10 0 3 7 4 8 11
0 0 3 1 5 9 6 2 10 3 7 0 4 8 11
0 0 1 1 5 9 6 2 10 3 7 11 4 8 0
0 0 1 1 5 9 6 2 10 3 7 11 4 0 8
0 0 1 1 5 9 6 2 10 3 7 11 0 4 8
0 0 2 1 5 9 6 2 10 3 7 11 0 8 4
0 0 2 1 5 9 6 2 10 3 7 11 8 4 0
0 0 2 1 5 9 6 2 10 3 0 11 7 4 8
0 0 2 1 5 9 6 2 10 3 7 11 8 0 4
0 0 2 1 5 9 6 2 10 0 3 11 7 4 8
0 0 2 1 5 9 6 2 10 3 11 0 7 4 8
0 0 2 1 5 9 6 2 10 7 3 11 0 4 8
0 0 2 1 5 9 0 2 10 6 3 11 7 4 8
0 0 2 1 5 9 6 2 10 7 3 11 4 0 8
0 0 2 1 5 9 2 0 10 6 3 11 7 4 8
0 0 2 1 5 9 6 2 10 7 3 11 4 8 0
0 0 2 1 5 9 2 10 0 6 3 11 7 4 8
0 0 3 1 5 9 6 2 10 3 7 4 8 0 11
0 0 3 1 5 9 6 2 10 3 7 0 8 11 4
0 0 3 1 5 9 6 2 10 3 11 4 7 0 8
0 0 3 1 5 9 6 2 10 0 3 4 7 11 8
0 0 3 1 5 9 6 2 10 3 4 0 7 11 8
0 0 3 9 1 5 6 2 10 3 0 7 11 4 8
0 0 3 1 2 5 0 9 10 6 3 7 11 4 8
0 0 3 1 2 5 9 10 0 6 3 7 11 4 8
0 0 3 1 5 10 0 9 2 6 3 7 11 4 8
0 0 3 5 1 9 6 0 2 3 10 7 11 4 8
0 0 3 5 1 9 6 10 2 3 7 0 11 4 8
0 0 3 1 5 9 0 2 3 6 7 10 11 4 8
0 0 3 1 5 9 6 2 7 0 10 3 11 4 8
0 0 3 1 5 9 6 2 10 3 0 7 8 11 4
0 0 3 1 5 9 0 2 10 6 3 7 4 8 11
0 0 3 1 5 9 6 2 10 3 0 11 4 7 8
0 0 3 1 5 9 6 2 10 0 7 11 3 4 8
0 0 3 1 5 9 6 2 10 3 0 11 7 8 4
0 0 3 1 5 9 6 2 10 7 3 11 8 4 0
0 0 3 1 5 9 6 2 10 7 0 11 3 4 8
0 0 3 1 5 9 6 2 10 7 3 11 0 8 4
0 0 3 1 5 9 6 2 10 3 11 4 0 7 8
0 0 3 1 5 9 6 2 10 3 11 4 7 8 0
0 0 3 1 5 9 6 2 10 7 3 4 0 11 8
0 0 3 1 5 9 0 2 10 6 3 4 7 11 8
0 0 3 9 1 5 6 2 10 3 7 0 11 4 8
0 0 3 1 2 5 6 9 10 0 3 7 11 4 8
0 0 3 5 1 9 0 6 2 3 10 7 11 4 8
0 0 3 5 1 9 6 2 0 3 10 7 11 4 8
0 0 3 1 5 9 6 2 3 0 7 10 11 4 8
0 0 3 1 5 9 6 2 7 10 0 3 11 4 8
0 0 3 1 5 9 6 2 10 0 3 7 8 11 4
0 0 3 1 5 9 2 0 10 6 3 7 4 8 11
0 0 3 1 5 9 6 2 10 0 3 11 4 7 8
0 0 3 1 5 9 6 2 10 3 11 0 4 7 8
0 0 3 1 5 9 0 2 10 6 7 11 3 4 8
0 0 3 1 5 9 6 2 10 0 3 11 7 8 4
0 0 3 1 5 9 6 2 10 3 11 0 7 8 4
0 0 3 1 5 9 6 2 10 7 3 11 8 0 4
0 0 3 1 5 9 6 2 10 7 11 0 3 4 8
0 0 3 1 5 9 6 2 10 7 3 4 11 0 8
0 0 3 1 5 9 2 0 10 6 3 4 7 11 8
0 0 3 1 2 5 6 9 10 3 0 7 11 4 8
0 0 3 0 1 9 5 6 2 3 10 7 11 4 8
0 0 3 1 5 9 6 2 3 7 0 10 11 4 8
0 0 3 1 5 9 6 2 7 10 3 0 11 4 8
0 0 1 1 5 9 6 2 0 10 3 7 11 4 8
0 0 1 1 5 9 6 0 2 10 3 7 11 4 8
0 0 1 1 5 9 0 6 2 10 3 7 11 4 8
0 0 3 1 5 9 0 2 10 6 3 7 8 11 4
0 0 3 1 5 9 2 10 0 6 3 7 4 8 11
0 0 3 1 5 9 0 2 10 6 3 11 4 7 8
0 0 3 1 5 9 2 0 10 6 7 11 3 4 8
0 0 3 1 5 9 0 2 10 6 3 11 7 8 4
0 0 3 1 5 9 6 2 10 7 3 4 11 8 0
0 0 3 1 5 9 2 10 0 6 3 4 7 11 8
0 0 3 1 2 5 6 9 10 3 7 0 11 4 8
0 0 3 1 0 9 5 6 2 3 10 7 11 4 8
0 0 3 1 5 9 6 2 3 7 10 0 11 4 8
0 0 3 1 5 0 6 2 9 10 3 7 11 4 8
0 0 2 1 5 2 6 0 9 10 3 7 11 4 8
0 0 2 1 5 2 0 6 9 10 3 7 11 4 8
0 0 2 1 5 2 6 9 0 10 3 7 11 4 8
0 0 2 1 5 0 6 9 2 10 3 7 11 4 8
0 0 2 1 0 5 6 9 2 10 3 7 11 4 8
0 0 2 1 9 5 6 0 2 10 3 7 11 4 8
0 0 2 0 1 5 6 9 2 10 3 7 11 4 8
0 0 2 1 9 5 0 6 2 10 3 7 11 4 8
0 0 2 1 9 5 6 2 0 10 3 7 11 4 8
0 0 3 1 5 9 6 3 2 10 0 7 11 4 8
0 0 3 1 0 9 6 5 2 10 3 7 11 4 8
0 0 3 1 5 9 10 6 2 0 3 7 11 4 8
0 0 3 0 5 9 1 6 2 10 3 7 11 4 8
0 0 3 1 5 9 2 0 10 6 3 7 8 11 4
0 0 3 1 5 9 2 0 10 6 3 11 4 7 8
0 0 3 1 5 9 2 10 0 6 7 11 3 4 8
0 0 3 1 5 9 2 0 10 6 3 11 7 8 4
0 0 3 1 5 9 6 2 10 7 3 0 11 8 4
0 0 3 1 9 0 5 6 2 3 10 7 11 4 8
0 0 3 1 5 9 6 2 0 7 10 3 11 4 8
0 0 3 1 0 5 6 2 9 10 3 7 11 4 8
0 0 3 0 5 1 6 9 2 10 3 7 11 4 8
0 0 3 5 1 0 6 9 2 10 3 7 11 4 8
0 0 2 5 1 9 6 0 2 10 3 7 11 4 8
0 0 2 5 1 9 0 6 2 10 3 7 11 4 8
0 0 2 5 1 9 6 2 0 10 3 7 11 4 8
0 0 2 0 1 9 5 6 2 10 3 7 11 4 8
0 0 2 1 0 9 5 6 2 10 3 7 11 4 8
0 0 2 1 9 0 5 6 2 10 3 7 11 4 8
0 0 2 1 9 2 5 6 0 10 3 7 11 4 8
0 0 2 1 9 2 5 0 6 10 3 7 11 4 8
0 0 2 1 0 2 5 9 6 10 3 7 11 4 8
0 0 2 1 9 2 0 5 6 10 3 7 11 4 8
0 0 2 0 1 2 5 9 6 10 3 7 11 4 8
0 0 2 1 2 0 5 9 6 10 3 7 11 4 8
0 0 2 5 1 2 0 9 6 10 3 7 11 4 8
0 0 2 5 1 2 9 0 6 10 3 7 11 4 8
0 0 2 5 1 2 9 6 0 10 3 7 11 4 8
0 0 2 5 1 0 9 6 2 10 3 7 11 4 8
0 0 1 0 1 5 9 6 2 10 3 7 11 4 8
0 0 1 1 0 5 9 6 2 10 3 7 11 4 8
0 0 1 1 5 0 9 6 2 10 3 7 11 4 8
0 0 1 1 5 2 9 6 0 10 3 7 11 4 8
0 0 1 1 5 2 9 0 6 10 3 7 11 4 8
0 0 1 1 5 2 0 9 6 10 3 7 11 4 8
0 0 2 5 0 1 9 6 2 10 3 7 11 4 8
0 0 2 0 5 1 9 6 2 10 3 7 11 4 8
0 0 2 1 5 6 9 0 2 10 3 7 11 4 8
0 0 2 1 5 6 0 9 2 10 3 7 11 4 8
0 0 2 1 5 6 9 2 0 10 3 7 11 4 8
0 0 0 1 5 0 9 2 6 10 3 7 11 4 8
0 0 0 1 0 5 9 2 6 10 3 7 11 4 8
0 0 0 0 1 5 9 2 6 10 3 7 11 4 8
0 0 1 0 5 1 9 2 6 10 3 7 11 4 8
0 0 1 5 1 0 9 2 6 10 3 7 11 4 8
0 0 1 5 0 1 9 2 6 10 3 7 11 4 8
0 0 2 1 2 5 9 0 6 10 3 7 11 4 8
0 0 2 9 1 5 0 2 6 10 3 7 11 4 8
0 0 2 1 2 5 0 9 6 10 3 7 11 4 8
0 0 2 1 2 5 9 6 0 10 3 7 11 4 8
0 0 2 9 1 5 2 0 6 10 3 7 11 4 8
0 0 2 9 1 5 2 6 0 10 3 7 11 4 8
0 0 3 9 1 5 6 0 2 10 3 7 11 4 8
0 0 3 1 5 9 6 3 2 0 10 7 11 4 8
0 0 3 1 5 9 6 3 2 10 7 0 11 4 8
0 0 3 0 1 9 6 5 2 10 3 7 11 4 8
0 0 3 1 9 0 6 5 2 10 3 7 11 4 8
0 0 3 1 5 9 10 6 2 3 0 7 11 4 8
0 0 3 5 0 9 1 6 2 10 3 7 11 4 8
0 0 3 1 5 9 2 10 0 6 3 7 8 11 4
0 0 3 1 5 9 2 10 0 6 3 11 4 7 8
0 0 3 1 5 9 2 10 0 6 3 11 7 8 4
0 0 3 1 5 9 6 2 10 7 0 3 11 8 4
0 0 3 1 9 2 5 6 0 3 10 7 11 4 8
0 0 3 1 5 9 6 0 2 7 10 3 11 4 8
0 0 3 1 2 5 6 0 9 10 3 7 11 4 8
0 0 3 0 1 5 6 2 9 10 3 7 11 4 8
0 0 3 5 0 1 6 9 2 10 3 7 11 4 8
0 0 3 5 1 2 6 9 0 10 3 7 11 4 8
0 0 3 9 1 0 5 6 2 10 3 7 11 4 8
0 0 3 0 9 1 5 6 2 10 3 7 11 4 8
0 0 3 1 9 6 5 0 2 10 3 7 11 4 8
0 0 3 2 1 0 5 9 6 10 3 7 11 4 8
0 0 3 9 1 2 5 0 6 10 3 7 11 4 8
0 0 3 0 2 1 5 9 6 10 3 7 11 4 8
0 0 3 1 2 9 5 0 6 10 3 7 11 4 8
0 0 1 1 0 9 5 2 6 10 3 7 11 4 8
0 0 1 0 1 9 5 2 6 10 3 7 11 4 8
0 0 1 1 9 0 5 2 6 10 3 7 11 4 8
0 0 1 5 1 9 0 2 6 10 3 7 11 4 8
0 0 1 5 1 9 2 0 6 10 3 7 11 4 8
0 0 1 5 1 9 2 6 0 10 3 7 11 4 8
0 0 2 9 1 0 5 2 6 10 3 7 11 4 8
0 0 2 0 9 1 5 2 6 10 3 7 11 4 8
0 0 2 9 0 1 5 2 6 10 3 7 11 4 8
0 0 2 5 9 1 0 2 6 10 3 7 11 4 8
0 0 2 5 9 1 2 0 6 10 3 7 11 4 8
0 0 2 5 0 1 2 9 6 10 3 7 11 4 8
0 0 2 5 9 1 2 6 0 10 3 7 11 4 8
0 0 2 0 5 1 2 9 6 10 3 7 11 4 8
0 0 1 1 5 0 2 9 6 10 3 7 11 4 8
0 0 0 1 5 9 2 0 6 10 3 7 11 4 8
0 0 0 1 5 9 0 2 6 10 3 7 11 4 8
0 0 0 1 5 9 2 6 0 10 3 7 11 4 8
0 0 1 1 0 5 2 9 6 10 3 7 11 4 8
0 0 1 1 9 5 2 0 6 10 3 7 11 4 8
0 0 1 0 1 5 2 9 6 10 3 7 11 4 8
0 0 1 1 9 5 0 2 6 10 3 7 11 4 8
0 0 1 1 9 5 2 6 0 10 3 7 11 4 8
0 0 2 5 1 0 2 9 6 10 3 7 11 4 8
0 0 2 1 5 9 2 3 6 10 0 7 11 4 8
0 0 2 1 0 9 2 5 6 10 3 7 11 4 8
0 0 2 1 5 9 10 2 6 0 3 7 11 4 8
0 0 2 0 5 9 1 2 6 10 3 7 11 4 8
0 0 2 1 5 9 2 6 7 10 3 0 11 4 8
0 0 2 1 5 0 2 6 9 10 3 7 11 4 8
0 0 2 1 5 9 2 3 6 0 10 7 11 4 8
0 0 2 1 5 9 2 3 6 10 7 0 11 4 8
0 0 2 0 1 9 2 5 6 10 3 7 11 4 8
0 0 2 1 9 0 2 5 6 10 3 7 11 4 8
0 0 2 1 5 9 10 2 6 3 0 7 11 4 8
0 0 2 5 0 9 1 2 6 10 3 7 11 4 8
0 0 2 1 5 9 2 6 7 10 0 3 11 4 8
0 0 2 1 0 5 2 6 9 10 3 7 11 4 8
0 0 2 1 5 9 10 2 6 3 7 0 11 4 8
0 0 2 5 9 0 1 2 6 10 3 7 11 4 8
0 0 2 1 5 9 2 6 7 0 10 3 11 4 8
0 0 2 0 1 5 2 6 9 10 3 7 11 4 8
0 0 3 5 1 6 9 0 2 10 3 7 11 4 8
0 0 3 9 1 5 0 6 2 10 3 7 11 4 8
0 0 3 1 6 5 9 0 2 10 3 7 11 4 8
0 0 3 1 5 2 9 6 7 10 3 0 11 4 8
0 0 3 1 5 2 9 3 6 10 0 7 11 4 8
0 0 3 1 0 2 9 5 6 10 3 7 11 4 8
0 0 3 1 5 2 10 9 6 0 3 7 11 4 8
0 0 3 0 5 2 1 9 6 10 3 7 11 4 8
0 0 3 2 1 5 9 0 6 10 3 7 11 4 8
0 0 3 9 5 1 0 2 6 10 3 7 11 4 8
0 0 3 5 1 6 9 2 0 10 3 7 11 4 8
0 0 3 5 2 1 9 0 6 10 3 7 11 4 8
0 0 3 9 1 5 6 2 0 10 3 7 11 4 8
0 0 3 1 5 9 0 3 2 6 10 7 11 4 8
0 0 3 1 9 2 6 5 0 10 3 7 11 4 8
0 0 3 1 5 9 10 0 2 3 6 7 11 4 8
0 0 3 1 5 9 10 6 2 3 7 0 11 4 8
0 0 3 5 9 0 1 6 2 10 3 7 11 4 8
0 0 3 1 5 9 6 2 10 0 7 3 11 8 4
0 0 3 1 9 2 5 0 6 3 10 7 11 4 8
0 0 3 1 5 9 6 10 2 7 0 3 11 4 8
0 0 3 1 5 9 0 6 2 7 10 3 11 4 8
0 0 3 1 2 5 0 6 9 10 3 7 11 4 8
0 0 3 1 2 5 6 9 0 10 3 7 11 4 8
0 0 3 5 9 1 6 0 2 10 3 7 11 4 8
0 0 3 5 1 2 6 0 9 10 3 7 11 4 8
0 0 3 9 1 2 5 6 0 10 3 7 11 4 8
0 0 3 9 0 1 5 6 2 10 3 7 11 4 8
0 0 3 5 9 1 0 6 2 10 3 7 11 4 8
0 0 3 1 0 6 5 9 2 10 3 7 11 4 8
0 0 3 1 9 6 0 5 2 10 3 7 11 4 8
0 0 3 1 9 6 5 2 0 10 3 7 11 4 8
0 0 3 2 0 1 5 9 6 10 3 7 11 4 8
0 0 3 9 1 2 0 5 6 10 3 7 11 4 8
0 0 3 5 2 1 0 9 6 10 3 7 11 4 8
0 0 3 1 2 9 0 5 6 10 3 7 11 4 8
0 0 3 1 2 9 5 6 0 10 3 7 11 4 8
0 0 3 5 1 9 10 2 6 0 3 7 11 4 8
0 0 3 5 1 9 2 3 6 10 0 7 11 4 8
0 0 3 5 0 9 2 1 6 10 3 7 11 4 8
0 0 3 5 1 9 2 6 7 10 3 0 11 4 8
0 0 3 5 1 0 2 6 9 10 3 7 11 4 8
0 0 3 9 5 1 2 0 6 10 3 7 11 4 8
0 0 3 1 5 6 2 9 0 10 3 7 11 4 8
0 0 3 1 9 5 2 3 6 10 0 7 11 4 8
0 0 3 2 1 5 0 9 6 10 3 7 11 4 8
0 0 3 1 9 5 10 2 6 0 3 7 11 4 8
0 0 3 0 9 5 1 2 6 10 3 7 11 4 8
0 0 3 1 9 5 2 6 7 10 3 0 11 4 8
0 0 3 1 9 0 2 6 5 10 3 7 11 4 8
0 0 3 9 5 0 1 2 6 10 3 7 11 4 8
0 0 3 0 5 1 2 6 9 10 3 7 11 4 8
0 0 3 1 5 6 2 0 9 10 3 7 11 4 8
0 0 3 9 1 0 2 5 6 10 3 7 11 4 8
0 0 3 0 9 1 2 5 6 10 3 7 11 4 8
0 0 3 5 9 2 1 0 6 10 3 7 11 4 8
0 0 3 5 1 6 0 9 2 10 3 7 11 4 8
0 0 3 1 6 5 0 9 2 10 3 7 11 4 8
0 0 3 1 6 5 9 2 0 10 3 7 11 4 8
0 0 3 1 5 2 9 6 7 10 0 3 11 4 8
0 0 3 1 5 2 9 3 6 0 10 7 11 4 8
0 0 3 1 5 2 9 3 6 10 7 0 11 4 8
0 0 3 0 1 2 9 5 6 10 3 7 11 4 8
0 0 3 1 2 0 9 5 6 10 3 7 11 4 8
0 0 3 1 5 2 10 9 6 3 0 7 11 4 8
0 0 3 5 0 2 1 9 6 10 3 7 11 4 8
0 0 3 2 1 5 9 6 0 10 3 7 11 4 8
0 0 3 5 2 1 9 6 0 10 3 7 11 4 8
0 0 3 1 5 9 3 0 2 6 10 7 11 4 8
0 0 3 1 9 2 6 0 5 10 3 7 11 4 8
0 0 3 1 5 9 0 10 2 3 6 7 11 4 8
0 0 3 1 5 9 10 2 0 3 6 7 11 4 8
0 0 3 5 9 2 1 6 0 10 3 7 11 4 8
0 0 3 1 5 9 0 2 10 6 7 3 11 8 4
0 0 3 1 9 2 5 10 6 3 0 7 11 4 8
0 0 3 1 0 2 5 9 6 3 10 7 11 4 8
0 0 3 1 9 2 0 5 6 3 10 7 11 4 8
0 0 3 1 5 9 6 10 2 0 7 3 11 4 8
0 0 3 1 5 9 6 10 2 7 3 0 11 4 8
0 0 3 5 9 1 6 2 0 10 3 7 11 4 8
0 0 3 5 1 2 0 6 9 10 3 7 11 4 8
0 0 3 0 1 6 5 9 2 10 3 7 11 4 8
0 0 3 1 6 0 5 9 2 10 3 7 11 4 8
0 0 3 1 2 0 5 6 9 10 3 7 11 4 8
0 0 3 5 1 9 10 2 6 3 0 7 11 4 8
0 0 3 5 1 9 2 3 6 0 10 7 11 4 8
0 0 3 5 1 9 2 3 6 10 7 0 11 4 8
0 0 3 0 5 9 2 1 6 10 3 7 11 4 8
0 0 3 5 9 0 2 1 6 10 3 7 11 4 8
0 0 3 5 1 9 2 6 7 10 0 3 11 4 8
0 0 3 5 0 1 2 6 9 10 3 7 11 4 8
0 0 3 9 0 1 2 5 6 10 3 7 11 4 8
0 0 3 9 5 1 2 6 0 10 3 7 11 4 8
0 0 3 1 9 5 2 3 6 0 10 7 11 4 8
0 0 3 1 9 5 2 3 6 10 7 0 11 4 8
0 0 3 1 9 5 10 2 6 3 0 7 11 4 8
0 0 3 9 0 5 1 2 6 10 3 7 11 4 8
0 0 3 1 9 5 2 6 7 10 0 3 11 4 8
0 0 3 1 0 9 2 6 5 10 3 7 11 4 8
0 0 3 1 5 6 0 2 9 10 3 7 11 4 8
0 0 3 5 9 2 0 1 6 10 3 7 11 4 8
0 0 3 1 5 2 9 6 7 0 10 3 11 4 8
0 0 3 1 5 2 10 9 6 3 7 0 11 4 8
0 0 3 5 2 0 1 9 6 10 3 7 11 4 8
0 0 3 1 5 9 3 2 0 6 10 7 11 4 8
0 0 3 1 9 2 0 6 5 10 3 7 11 4 8
0 0 3 1 5 9 2 0 10 6 7 3 11 8 4
0 0 3 1 9 2 5 10 6 0 3 7 11 4 8
0 0 3 1 9 2 5 10 6 3 7 0 11 4 8
0 0 3 0 1 2 5 9 6 3 10 7 11 4 8
0 0 3 1 2 0 5 9 6 3 10 7 11 4 8
0 0 3 1 5 9 0 10 2 6 7 3 11 4 8
0 0 3 0 1 2 5 6 9 10 3 7 11 4 8
0 0 3 1 0 2 5 6 9 10 3 7 11 4 8
0 0 3 5 1 9 10 2 6 3 7 0 11 4 8
0 0 3 5 1 9 2 6 7 0 10 3 11 4 8
0 0 3 1 9 5 10 2 6 3 7 0 11 4 8
0 0 3 1 9 5 2 6 7 0 10 3 11 4 8
0 0 3 0 1 9 2 6 5 10 3 7 11 4 8
0 0 3 1 5 9 2 10 0 6 7 3 11 8 4
0 0 3 5 1 2 0 9 6 3 10 7 11 4 8
0 0 3 1 5 9 10 0 2 6 7 3 11 4 8
0 0 3 1 5 9 2 10 3 6 7 0 11 8 4
0 0 3 5 1 2 9 0 6 3 10 7 11 4 8
0 0 3 1 5 9 10 2 0 6 7 3 11 4 8
0 0 3 1 5 9 2 10 3 6 7 4 11 8 0
0 0 3 1 5 9 2 10 3 6 0 7 11 8 4
0 0 3 5 1 2 9 10 6 3 0 7 11 4 8
0 0 3 5 1 2 9 6 0 3 10 7 11 4 8
0 0 3 1 5 9 10 2 3 6 7 0 11 4 8
0 0 3 1 5 9 2 10 3 6 7 4 11 0 8
0 0 3 1 5 9 2 0 3 6 10 7 11 8 4
0 0 3 1 5 9 2 10 3 0 6 7 11 8 4
0 0 3 5 1 2 9 10 6 0 3 7 11 4 8
0 0 3 5 1 2 9 10 6 3 7 0 11 4 8
0 0 3 5 1 0 9 6 2 3 10 7 11 4 8
0 0 2 0 1 5 9 6 2 3 10 7 11 4 8
0 0 2 1 0 5 9 6 2 3 10 7 11 4 8
0 0 2 1 5 0 9 6 2 3 10 7 11 4 8
0 0 2 1 5 2 9 6 0 3 10 7 11 4 8
0 0 2 1 5 2 9 0 6 3 10 7 11 4 8
0 0 2 1 5 2 9 10 6 3 0 7 11 4 8
0 0 2 1 5 2 0 9 6 3 10 7 11 4 8
0 0 2 1 5 2 9 10 6 0 3 7 11 4 8
0 0 2 1 5 2 9 10 6 3 7 0 11 4 8
0 0 3 1 5 9 10 2 3 6 0 7 11 4 8
0 0 3 1 5 9 2 10 3 6 7 4 0 11 8
0 0 3 1 5 9 0 2 3 6 10 7 11 8 4
0 0 3 1 5 9 2 3 0 6 10 7 11 8 4
0 0 3 5 0 1 9 6 2 3 10 7 11 4 8
0 0 3 0 5 1 9 6 2 3 10 7 11 4 8
0 0 3 1 5 6 9 0 2 3 10 7 11 4 8
0 0 3 1 5 9 10 2 3 0 6 7 11 4 8
0 0 3 1 5 9 6 2 3 0 10 7 11 8 4
0 0 3 1 5 6 9 10 2 3 0 7 11 4 8
0 0 3 1 5 6 0 9 2 3 10 7 11 4 8
0 0 3 1 5 6 9 2 0 3 10 7 11 4 8
0 0 1 1 5 0 9 2 6 3 10 7 11 4 8
0 0 1 1 0 5 9 2 6 3 10 7 11 4 8
0 0 1 0 1 5 9 2 6 3 10 7 11 4 8
0 0 2 0 5 1 9 2 6 3 10 7 11 4 8
0 0 2 5 1 0 9 2 6 3 10 7 11 4 8
0 0 2 5 0 1 9 2 6 3 10 7 11 4 8
0 0 3 1 5 9 0 2 3 10 6 7 11 4 8
0 0 3 1 5 9 6 2 3 10 0 7 11 8 4
0 0 3 1 5 6 9 10 2 0 3 7 11 4 8
0 0 3 1 5 6 9 10 2 3 7 0 11 4 8
0 0 3 1 2 5 9 0 6 3 10 7 11 4 8
0 0 3 9 1 5 0 2 6 3 10 7 11 4 8
0 0 3 1 5 9 2 0 3 10 6 7 11 4 8
0 0 1 1 5 9 2 6 3 10 0 7 11 4 8
0 0 1 1 5 9 2 6 3 0 10 7 11 4 8
0 0 1 1 5 9 2 6 3 10 7 0 11 4 8
0 0 1 1 5 9 2 6 0 10 7 3 11 4 8
0 0 1 1 5 9 2 0 6 10 7 3 11 4 8
0 0 1 1 5 9 0 2 6 10 7 3 11 4 8
0 0 3 1 5 9 6 2 3 10 7 0 11 8 4
0 0 3 1 2 5 9 10 6 3 0 7 11 4 8
0 0 3 1 2 5 0 9 6 3 10 7 11 4 8
0 0 3 1 2 5 9 6 0 3 10 7 11 4 8
0 0 3 9 1 5 2 0 6 3 10 7 11 4 8
0 0 3 1 5 9 2 3 0 10 6 7 11 4 8
0 0 3 1 5 9 2 6 3 10 4 7 11 0 8
0 0 3 1 5 9 2 6 3 11 10 7 0 4 8
0 0 3 1 5 9 0 6 3 2 10 7 11 4 8
0 0 3 1 5 9 2 6 3 10 7 8 11 4 0
0 0 3 1 5 0 2 6 9 10 7 3 11 4 8
0 0 3 1 5 9 2 7 6 10 0 3 11 4 8
0 0 3 1 0 9 2 5 6 10 7 3 11 4 8
0 0 3 1 5 9 10 2 6 0 7 3 11 4 8
0 0 3 0 5 9 1 2 6 10 7 3 11 4 8
0 0 3 1 5 9 6 2 3 10 7 4 11 8 0
0 0 3 1 5 9 6 2 0 10 7 3 11 8 4
0 0 3 1 2 5 9 10 6 0 3 7 11 4 8
0 0 3 1 2 5 9 10 6 3 7 0 11 4 8
0 0 3 9 1 5 2 10 6 3 0 7 11 4 8
0 0 3 9 1 5 2 6 0 3 10 7 11 4 8
0 0 3 1 5 9 2 6 3 10 4 7 0 11 8
0 0 2 1 5 9 2 6 3 10 0 7 4 11 8
0 0 2 1 5 9 2 6 3 10 11 7 4 0 8
0 0 2 1 5 9 2 6 3 0 10 7 4 11 8
0 0 2 1 5 9 2 6 3 10 7 0 4 11 8
0 0 2 1 5 9 2 6 3 10 11 7 0 4 8
0 0 2 1 5 9 2 6 3 10 11 7 4 8 0
0 0 2 1 5 9 2 6 0 10 7 3 4 11 8
0 0 2 1 5 9 2 0 6 10 7 3 4 11 8
0 0 2 1 5 9 0 2 6 10 7 3 4 11 8
0 0 3 1 5 9 2 6 3 10 4 7 11 8 0
0 0 2 1 5 9 2 6 3 10 0 7 11 8 4
0 0 2 1 5 9 2 6 3 0 10 7 11 8 4
0 0 2 1 5 9 2 6 3 10 7 0 11 8 4
0 0 2 1 5 9 2 6 3 10 7 4 11 8 0
0 0 2 1 5 9 2 6 0 10 7 3 11 8 4
0 0 2 1 5 9 2 6 3 10 7 4 11 0 8
0 0 2 1 5 9 2 0 6 10 7 3 11 8 4
0 0 2 1 5 9 2 6 3 10 7 4 0 11 8
0 0 2 1 5 9 0 2 6 10 7 3 11 8 4
0 0 3 1 5 9 2 6 3 11 10 7 4 0 8
0 0 3 1 5 9 6 0 3 2 10 7 11 4 8
0 0 3 1 5 9 2 6 3 10 7 8 11 0 4
0 0 3 1 0 5 2 6 9 10 7 3 11 4 8
0 0 3 1 5 9 2 7 6 0 10 3 11 4 8
0 0 3 1 5 9 2 7 6 10 3 0 11 4 8
0 0 3 0 1 9 2 5 6 10 7 3 11 4 8
0 0 2 5 1 9 2 0 6 10 7 3 11 4 8
0 0 2 5 1 9 0 2 6 10 7 3 11 4 8
0 0 2 5 1 9 2 6 0 10 7 3 11 4 8
0 0 2 0 1 9 5 2 6 10 7 3 11 4 8
0 0 2 5 1 9 2 6 3 10 7 0 11 4 8
0 0 2 1 0 9 5 2 6 10 7 3 11 4 8
0 0 2 5 1 9 2 6 3 10 0 7 11 4 8
0 0 2 1 9 0 5 2 6 10 7 3 11 4 8
0 0 2 5 1 9 2 6 3 0 10 7 11 4 8
0 0 3 1 9 0 2 5 6 10 7 3 11 4 8
0 0 2 1 9 5 2 0 6 10 7 3 11 4 8
0 0 2 1 0 5 2 9 6 10 7 3 11 4 8
0 0 2 1 9 5 0 2 6 10 7 3 11 4 8
0 0 2 1 9 5 2 6 0 10 7 3 11 4 8
0 0 2 0 1 5 2 9 6 10 7 3 11 4 8
0 0 2 1 5 0 2 9 6 10 7 3 11 4 8
0 0 2 1 9 5 2 6 3 10 7 0 11 4 8
0 0 2 1 9 5 2 6 3 10 0 7 11 4 8
0 0 2 1 9 5 2 6 3 0 10 7 11 4 8
0 0 3 1 5 9 10 2 6 7 0 3 11 4 8
0 0 3 5 0 9 1 2 6 10 7 3 11 4 8
0 0 3 1 5 9 6 2 3 10 7 4 11 0 8
0 0 3 1 5 9 6 0 2 10 7 3 11 8 4
0 0 3 9 1 5 2 10 6 0 3 7 11 4 8
0 0 3 9 1 5 2 10 6 3 7 0 11 4 8
0 0 3 1 5 9 2 6 3 10 11 7 8 4 0
0 0 3 1 5 9 2 6 3 10 11 7 0 8 4
0 0 3 1 5 9 2 6 3 10 0 7 4 8 11
0 0 3 1 5 9 2 6 3 10 7 4 0 8 11
0 0 3 1 5 9 2 6 3 10 7 4 8 11 0
0 0 3 1 5 9 2 6 3 10 0 4 7 11 8
0 0 3 1 5 9 2 6 3 11 10 7 4 8 0
0 0 3 1 5 9 6 10 3 2 0 7 11 4 8
0 0 3 1 5 9 6 3 0 2 10 7 11 4 8
0 0 3 1 5 9 2 6 3 10 7 8 0 11 4
0 0 3 0 1 5 2 6 9 10 7 3 11 4 8
0 0 3 9 1 0 5 2 6 10 7 3 11 4 8
0 0 3 0 9 1 5 2 6 10 7 3 11 4 8
0 0 3 1 9 2 5 0 6 10 7 3 11 4 8
0 0 3 5 1 0 2 9 6 10 7 3 11 4 8
0 0 3 9 1 5 2 0 6 10 7 3 11 4 8
0 0 3 0 5 1 2 9 6 10 7 3 11 4 8
0 0 3 1 5 9 10 2 6 7 3 0 11 4 8
0 0 3 5 9 0 1 2 6 10 7 3 11 4 8
0 0 3 1 5 9 6 2 3 10 7 4 0 11 8
0 0 3 1 5 9 0 6 2 10 7 3 11 8 4
0 0 3 1 5 9 2 6 3 10 11 7 8 0 4
0 0 3 1 5 9 2 6 3 0 10 7 4 8 11
0 0 3 1 5 9 2 6 3 10 7 0 4 8 11
0 0 1 1 5 9 2 6 3 10 7 11 4 8 0
0 0 1 1 5 9 2 6 3 10 7 11 4 0 8
0 0 1 1 5 9 2 6 3 10 7 11 0 4 8
0 0 2 1 5 9 2 6 3 10 7 11 0 8 4
0 0 2 1 5 9 2 6 3 10 7 11 8 4 0
0 0 2 1 5 9 2 6 3 10 0 11 7 4 8
0 0 2 1 5 9 2 6 3 10 7 11 8 0 4
0 0 2 1 5 9 2 6 3 0 10 11 7 4 8
0 0 2 1 5 9 2 6 3 10 11 0 7 4 8
0 0 2 1 5 9 2 6 3 7 10 11 0 4 8
0 0 2 1 5 9 2 6 0 10 11 3 7 4 8
0 0 2 1 5 9 2 6 3 7 10 11 4 0 8
0 0 2 1 5 9 2 0 6 10 11 3 7 4 8
0 0 2 1 5 9 2 6 3 7 10 11 4 8 0
0 0 2 1 5 9 0 2 6 10 11 3 7 4 8
0 0 3 1 5 9 2 6 3 10 7 4 8 0 11
0 0 3 1 5 9 2 6 3 10 7 0 8 11 4
0 0 3 1 5 9 2 6 3 10 11 4 7 0 8
0 0 3 1 5 9 2 6 3 0 10 4 7 11 8
0 0 3 1 5 9 2 6 3 10 4 0 7 11 8
0 0 3 1 5 9 6 10 3 0 2 7 11 4 8
0 0 3 1 5 9 6 10 3 2 7 0 11 4 8
0 0 3 9 0 1 5 2 6 10 7 3 11 4 8
0 0 3 5 9 1 0 2 6 10 7 3 11 4 8
0 0 3 1 0 2 5 9 6 10 7 3 11 4 8
0 0 3 1 9 2 0 5 6 10 7 3 11 4 8
0 0 3 1 9 2 5 6 0 10 7 3 11 4 8
0 0 3 5 0 1 2 9 6 10 7 3 11 4 8
0 0 3 9 1 5 0 2 6 10 7 3 11 4 8
0 0 1 0 1 5 9 2 6 10 7 3 11 4 8
0 0 1 1 0 5 9 2 6 10 7 3 11 4 8
0 0 1 1 5 0 9 2 6 10 7 3 11 4 8
0 0 2 5 1 0 9 2 6 10 7 3 11 4 8
0 0 2 0 5 1 9 2 6 10 7 3 11 4 8
0 0 2 1 5 2 9 0 6 10 7 3 11 4 8
0 0 2 5 0 1 9 2 6 10 7 3 11 4 8
0 0 2 1 5 2 0 9 6 10 7 3 11 4 8
0 0 2 1 5 2 9 6 0 10 7 3 11 4 8
0 0 2 1 5 2 9 6 3 10 7 0 11 4 8
0 0 2 1 5 0 9 6 2 10 7 3 11 4 8
0 0 2 1 5 2 9 6 3 10 0 7 11 4 8
0 0 2 1 0 5 9 6 2 10 7 3 11 4 8
0 0 2 1 5 2 9 6 3 0 10 7 11 4 8
0 0 2 0 1 5 9 6 2 10 7 3 11 4 8
0 0 3 9 1 5 2 6 0 10 7 3 11 4 8
0 0 3 1 5 9 2 6 3 10 0 7 8 11 4
0 0 3 1 5 9 2 6 0 10 7 3 4 8 11
0 0 3 1 5 9 2 6 3 10 0 11 4 7 8
0 0 3 1 5 9 2 6 3 0 7 11 10 4 8
0 0 3 1 5 9 2 6 3 10 0 11 7 8 4
0 0 3 1 5 9 2 6 3 7 10 11 8 4 0
0 0 3 1 5 9 2 6 3 7 0 11 10 4 8
0 0 3 1 5 9 2 6 3 7 10 11 0 8 4
0 0 3 1 5 9 2 6 0 10 7 3 8 11 4
0 0 3 1 5 9 2 6 3 10 11 4 0 7 8
0 0 3 1 5 9 2 6 3 10 11 4 7 8 0
0 0 3 1 5 9 2 6 3 7 10 4 0 11 8
0 0 3 1 5 9 2 6 0 10 4 3 7 11 8
0 0 3 1 5 9 6 10 0 2 7 3 11 4 8
0 0 3 5 9 1 2 0 6 10 7 3 11 4 8
0 0 3 0 1 2 5 9 6 10 7 3 11 4 8
0 0 3 1 2 0 5 9 6 10 7 3 11 4 8
0 0 3 1 9 2 5 6 3 10 7 0 11 4 8
0 0 3 1 9 0 5 6 2 10 7 3 11 4 8
0 0 3 1 2 5 9 0 6 10 7 3 11 4 8
0 0 3 1 5 6 9 2 0 10 7 3 11 4 8
0 0 3 5 1 2 9 0 6 10 7 3 11 4 8
0 0 3 0 5 1 9 6 2 10 7 3 11 4 8
0 0 3 1 5 6 9 0 2 10 7 3 11 4 8
0 0 3 5 1 0 9 6 2 10 7 3 11 4 8
0 0 3 9 1 5 2 6 3 10 7 0 11 4 8
0 0 3 1 5 9 2 6 3 0 10 7 8 11 4
0 0 3 1 5 9 2 0 6 10 7 3 4 8 11
0 0 3 1 5 9 2 6 3 0 10 11 4 7 8
0 0 3 1 5 9 2 6 3 10 11 0 4 7 8
0 0 3 1 5 9 2 6 3 0 10 11 7 8 4
0 0 3 1 5 9 2 6 3 10 11 0 7 8 4
0 0 3 1 5 9 2 6 3 7 10 11 8 0 4
0 0 3 1 5 9 2 6 3 7 11 0 10 4 8
0 0 3 1 5 9 2 0 6 10 7 3 8 11 4
0 0 3 1 5 9 2 6 3 7 10 4 11 0 8
0 0 3 1 5 9 2 0 6 10 4 3 7 11 8
0 0 3 1 5 9 6 0 10 2 7 3 11 4 8
0 0 3 5 9 1 2 6 0 10 7 3 11 4 8
0 0 3 5 1 2 0 9 6 10 7 3 11 4 8
0 0 3 1 9 2 5 6 3 10 0 7 11 4 8
0 0 3 1 0 9 5 6 2 10 7 3 11 4 8
0 0 3 1 2 5 0 9 6 10 7 3 11 4 8
0 0 3 1 2 5 9 6 0 10 7 3 11 4 8
0 0 3 1 5 6 9 2 3 10 7 0 11 4 8
0 0 3 5 1 2 9 6 0 10 7 3 11 4 8
0 0 3 5 0 1 9 6 2 10 7 3 11 4 8
0 0 3 1 5 6 0 9 2 10 7 3 11 4 8
0 0 3 9 1 5 2 6 3 10 0 7 11 4 8
0 0 3 1 5 9 0 2 6 10 7 3 4 8 11
0 0 3 1 5 9 2 6 0 10 11 3 4 7 8
0 0 3 1 5 9 2 6 0 10 11 3 7 8 4
0 0 3 1 5 9 0 2 6 10 7 3 8 11 4
0 0 3 1 5 9 2 6 3 7 10 4 11 8 0
0 0 3 1 5 9 0 2 6 10 4 3 7 11 8
0 0 3 1 5 9 0 6 10 2 7 3 11 4 8
0 0 1 1 5 9 2 6 10 0 7 3 11 4 8
0 0 1 1 5 9 2 6 10 7 0 3 11 4 8
0 0 1 1 5 9 2 6 10 7 3 0 11 4 8
0 0 3 5 9 1 2 6 3 10 7 0 11 4 8
0 0 3 1 9 2 5 6 3 0 10 7 11 4 8
0 0 3 0 1 9 5 6 2 10 7 3 11 4 8
0 0 3 1 2 5 9 6 3 10 7 0 11 4 8
0 0 3 1 5 6 9 2 3 10 0 7 11 4 8
0 0 3 5 1 2 9 6 3 10 7 0 11 4 8
0 0 3 9 1 5 2 6 3 0 10 7 11 4 8
0 0 3 1 5 9 2 0 6 10 11 3 4 7 8
0 0 3 1 5 9 2 0 6 10 11 3 7 8 4
0 0 3 1 5 9 2 6 3 7 10 0 11 8 4
0 0 3 1 5 9 2 6 10 11 7 3 0 4 8
0 0 2 1 5 9 2 6 10 11 0 3 7 4 8
0 0 2 1 5 9 2 6 10 0 11 3 7 4 8
0 0 2 1 5 9 2 6 10 11 3 0 7 4 8
0 0 2 1 5 9 2 6 10 7 11 3 0 4 8
0 0 2 1 5 9 2 6 10 7 11 3 4 0 8
0 0 2 1 5 9 2 6 10 7 0 3 4 11 8
0 0 2 1 5 9 2 6 10 7 11 3 4 8 0
0 0 2 1 5 9 2 6 10 0 7 3 4 11 8
0 0 2 1 5 9 2 6 10 7 3 0 4 11 8
0 0 3 1 5 9 2 6 10 7 4 3 11 0 8
0 0 3 1 5 9 2 0 10 7 6 3 11 4 8
0 0 3 1 5 9 2 6 10 7 3 8 11 4 0
0 0 3 1 5 9 2 6 0 7 3 10 11 4 8
0 0 3 5 9 1 2 6 3 10 0 7 11 4 8
0 0 3 5 1 9 0 6 2 10 7 3 11 4 8
0 0 3 1 2 5 9 6 3 10 0 7 11 4 8
0 0 3 1 5 6 9 2 3 0 10 7 11 4 8
0 0 3 5 1 2 9 6 3 10 0 7 11 4 8
0 0 3 1 5 9 0 2 6 10 11 3 4 7 8
0 0 3 1 5 9 0 2 6 10 11 3 7 8 4
0 0 3 1 5 9 2 6 0 7 10 3 11 8 4
0 0 3 1 5 9 2 6 3 7 0 10 11 8 4
0 0 3 1 5 9 2 6 10 11 7 3 4 0 8
0 0 3 1 5 9 2 6 10 7 11 3 8 4 0
0 0 3 1 5 9 2 6 10 7 11 3 0 8 4
0 0 2 1 5 9 2 6 10 7 0 3 11 8 4
0 0 2 1 5 9 2 6 10 0 7 3 11 8 4
0 0 2 1 5 9 2 6 10 7 3 0 11 8 4
0 0 2 1 5 9 2 6 10 7 3 4 11 8 0
0 0 2 1 5 9 2 6 10 7 3 4 11 0 8
0 0 2 1 5 9 2 6 10 7 3 4 0 11 8
0 0 2 1 5 9 2 6 10 0 3 4 7 11 8
0 0 2 1 5 9 2 6 10 3 0 4 7 11 8
0 0 2 1 5 9 2 6 10 3 11 4 7 0 8
0 0 2 1 5 9 2 6 10 3 4 0 7 11 8
0 0 2 1 5 9 2 6 10 3 11 4 0 7 8
0 0 2 1 5 9 2 6 10 3 11 4 7 8 0
0 0 2 1 5 9 2 6 10 3 11 0 7 8 4
0 0 2 1 5 9 2 6 10 3 0 11 7 8 4
0 0 2 1 5 9 2 6 10 0 3 11 7 8 4
0 0 2 1 5 9 2 6 10 7 3 11 0 8 4
0 0 1 1 5 9 2 6 10 7 3 11 4 8 0
0 0 1 1 5 9 2 6 10 7 3 11 4 0 8
0 0 1 1 5 9 2 6 10 7 3 11 0 4 8
0 0 1 1 5 9 2 6 10 0 3 11 7 4 8
0 0 1 1 5 9 2 6 10 3 0 11 7 4 8
0 0 1 1 5 9 2 6 10 3 11 0 7 4 8
0 0 2 1 5 9 2 6 10 7 3 11 8 0 4
0 0 2 1 5 9 2 6 10 7 3 11 8 4 0
0 0 2 1 5 9 2 6 10 7 0 11 3 4 8
0 0 2 1 5 9 2 6 10 0 7 11 3 4 8
0 0 0 1 5 9 2 6 10 3 7 11 0 4 8
0 0 0 1 5 9 2 6 10 3 7 11 4 0 8
0 0 0 1 5 9 2 6 10 3 7 11 4 8 0
