0 0 16 6 0 5 2 7 4 3 1
0 0 15 6 4 5 2 7 0 3 1
0 0 15 6 4 5 2 0 7 3 1
0 0 12 0 4 5 2 6 7 3 1
0 0 6 1 4 5 2 6 7 3 0
0 0 6 1 4 5 2 6 7 0 3
0 0 6 1 4 5 2 0 7 3 6
0 0 6 1 4 0 2 6 7 3 5
0 0 5 1 4 3 2 6 7 0 5
0 0 5 1 4 3 2 6 0 7 5
0 0 4 1 0 3 2 6 4 7 5
0 0 4 0 1 3 2 6 4 7 5
0 0 4 1 3 0 2 6 4 7 5
0 0 4 2 1 3 0 6 4 7 5
0 0 3 2 1 3 5 6 4 7 0
0 0 3 2 1 3 5 6 4 0 7
0 0 3 2 1 3 5 0 4 7 6
0 0 2 0 1 3 5 2 4 7 6
0 0 2 1 0 3 5 2 4 7 6
0 0 2 1 3 0 5 2 4 7 6
0 0 1 1 3 7 5 2 4 0 6
0 0 1 1 3 7 5 2 0 4 6
0 0 1 1 3 7 5 2 4 6 0
0 0 1 1 3 7 5 0 2 4 6
0 0 1 1 3 7 0 5 2 4 6
0 0 1 1 3 0 7 5 2 4 6
0 0 1 1 0 3 7 5 2 4 6
0 0 1 0 1 3 7 5 2 4 6
0 0 2 1 3 5 0 2 4 7 6
0 0 0 1 3 5 7 2 4 0 6
0 0 0 1 3 5 7 2 0 4 6
0 0 0 1 3 5 7 2 4 6 0
