1 0 1 4 0 11 3 14 5 6 9 1 13 7 8 10 15 12 2
2 1 1 4 5 11 3 14 0 6 9 1 13 7 8 10 15 12 2
2 1 1 0 4 11 3 14 5 6 9 1 13 7 8 10 15 12 2
2 1 1 4 11 0 3 14 5 6 9 1 13 7 8 10 15 12 2
3 1 1 4 5 11 3 14 13 6 9 1 0 7 8 10 15 12 2
3 1 1 4 5 11 3 0 14 6 9 1 13 7 8 10 15 12 2
3 1 1 4 5 11 3 14 6 0 9 1 13 7 8 10 15 12 2
3 1 1 14 4 11 3 0 5 6 9 1 13 7 8 10 15 12 2
3 1 1 4 11 6 3 14 5 0 9 1 13 7 8 10 15 12 2
3 1 1 4 11 3 0 14 5 6 9 1 13 7 8 10 15 12 2
4 2 1 3 4 11 0 14 5 6 9 1 13 7 8 10 15 12 2
4 3 0 2 4 11 3 14 5 6 9 1 13 7 8 10 15 12 0
4 1 1 4 5 11 3 14 13 6 9 1 15 7 8 10 0 12 2
4 1 1 4 5 11 3 14 13 6 9 0 1 7 8 10 15 12 2
4 1 1 4 5 11 3 14 13 6 9 1 7 0 8 10 15 12 2
4 1 1 4 5 11 3 1 14 6 9 0 13 7 8 10 15 12 2
4 1 1 0 5 11 3 4 14 6 9 1 13 7 8 10 15 12 2
4 1 1 4 5 11 3 14 6 7 9 1 13 0 8 10 15 12 2
4 1 1 4 5 0 3 14 6 11 9 1 13 7 8 10 15 12 2
4 1 1 4 5 11 3 14 6 9 0 1 13 7 8 10 15 12 2
4 1 1 14 4 11 3 1 5 6 9 0 13 7 8 10 15 12 2
4 1 1 14 4 11 3 5 0 6 9 1 13 7 8 10 15 12 2
4 1 1 4 11 6 3 14 5 7 9 1 13 0 8 10 15 12 2
4 1 1 4 11 6 3 14 0 5 9 1 13 7 8 10 15 12 2
4 1 1 4 11 6 3 14 5 9 0 1 13 7 8 10 15 12 2
4 1 1 4 11 3 9 14 5 6 0 1 13 7 8 10 15 12 2
5 3 1 5 4 11 3 14 0 6 9 1 13 7 8 10 15 12 2
5 2 1 0 11 3 4 14 5 6 9 1 13 7 8 10 15 12 2
5 1 1 3 4 11 9 14 5 6 0 1 13 7 8 10 15 12 2
5 1 1 3 4 0 11 14 5 6 9 1 13 7 8 10 15 12 2
5 1 1 4 5 11 3 14 13 6 9 1 15 7 8 0 10 12 2
5 1 1 4 5 11 3 14 13 6 9 1 15 7 8 10 12 0 2
5 1 1 4 5 11 3 14 13 6 9 10 1 7 8 0 15 12 2
5 1 1 4 5 11 3 0 13 6 9 14 1 7 8 10 15 12 2
5 1 1 4 5 11 3 14 13 6 9 1 7 12 8 10 15 0 2
5 1 1 4 5 11 3 14 13 0 9 1 7 6 8 10 15 12 2
5 1 1 4 5 11 3 14 13 6 9 1 7 8 0 10 15 12 2
5 1 1 4 5 11 3 1 14 6 9 10 13 7 8 0 15 12 2
5 1 1 4 5 11 3 1 14 6 9 13 0 7 8 10 15 12 2
5 1 1 5 0 11 3 4 14 6 9 1 13 7 8 10 15 12 2
5 1 1 4 5 11 3 14 6 7 9 1 13 12 8 10 15 0 2
5 1 1 4 5 11 3 14 6 7 9 1 0 13 8 10 15 12 2
5 1 1 4 5 11 3 14 6 7 9 1 13 8 0 10 15 12 2
5 1 1 4 0 5 3 14 6 11 9 1 13 7 8 10 15 12 2
5 1 1 4 5 3 0 14 6 11 9 1 13 7 8 10 15 12 2
5 1 1 4 5 11 3 14 6 9 8 1 13 7 0 10 15 12 2
5 1 1 4 5 11 0 14 6 9 3 1 13 7 8 10 15 12 2
5 1 1 14 4 11 3 1 5 6 9 10 13 7 8 0 15 12 2
5 1 1 14 4 11 3 1 5 6 9 13 0 7 8 10 15 12 2
5 1 1 14 4 11 3 5 13 6 9 1 0 7 8 10 15 12 2
5 1 1 14 0 11 3 5 4 6 9 1 13 7 8 10 15 12 2
5 1 1 14 4 11 3 5 6 0 9 1 13 7 8 10 15 12 2
5 1 1 4 11 6 3 14 5 7 9 1 13 12 8 10 15 0 2
5 1 1 4 11 6 3 14 5 7 9 1 0 13 8 10 15 12 2
5 1 1 4 11 6 3 14 5 7 9 1 13 8 0 10 15 12 2
5 1 1 4 11 6 3 14 13 5 9 1 0 7 8 10 15 12 2
5 1 1 4 0 6 3 14 11 5 9 1 13 7 8 10 15 12 2
5 1 1 4 11 6 3 0 14 5 9 1 13 7 8 10 15 12 2
5 1 1 4 11 6 3 14 5 9 8 1 13 7 0 10 15 12 2
5 1 1 4 11 6 0 14 5 9 3 1 13 7 8 10 15 12 2
5 1 1 4 11 3 9 14 5 6 8 1 13 7 0 10 15 12 2
5 1 1 4 11 3 9 14 5 0 6 1 13 7 8 10 15 12 2
5 1 0 4 5 11 3 14 13 6 9 1 15 7 8 10 12 2 0
5 1 0 4 5 11 3 14 13 6 9 1 7 12 8 10 15 2 0
5 1 0 4 5 11 3 14 13 6 9 1 7 8 2 10 15 12 0
5 1 0 4 5 11 3 14 6 7 9 1 13 12 8 10 15 2 0
5 1 0 4 5 11 3 14 6 7 9 1 13 8 2 10 15 12 0
5 1 0 4 5 11 3 14 6 9 8 1 13 7 2 10 15 12 0
5 1 0 4 11 6 3 14 5 7 9 1 13 12 8 10 15 2 0
5 1 0 4 11 6 3 14 5 7 9 1 13 8 2 10 15 12 0
5 1 0 4 11 6 3 14 5 9 8 1 13 7 2 10 15 12 0
5 1 0 4 11 3 9 14 5 6 8 1 13 7 2 10 15 12 0
6 3 1 4 11 3 6 14 5 0 9 1 13 7 8 10 15 12 2
6 3 1 4 11 3 10 14 5 6 9 1 13 7 8 0 15 12 2
6 1 1 2 4 11 3 14 5 6 9 1 13 7 0 10 15 12 8
6 1 1 2 4 11 3 14 5 6 9 1 13 7 8 10 15 0 12
6 2 1 3 5 11 0 4 14 6 9 1 13 7 8 10 15 12 2
6 3 0 2 5 11 3 4 14 6 9 1 13 7 8 10 15 12 0
6 1 1 5 4 11 3 14 13 6 9 1 0 7 8 10 15 12 2
6 1 1 5 0 11 3 14 4 6 9 1 13 7 8 10 15 12 2
6 1 1 5 4 11 3 0 14 6 9 1 13 7 8 10 15 12 2
6 1 1 5 4 11 3 14 6 0 9 1 13 7 8 10 15 12 2
6 1 1 14 11 3 4 0 5 6 9 1 13 7 8 10 15 12 2
6 1 1 11 0 3 4 14 5 6 9 1 13 7 8 10 15 12 2
6 1 1 3 4 11 9 14 5 6 8 1 13 7 0 10 15 12 2
6 1 1 3 4 11 9 14 5 0 6 1 13 7 8 10 15 12 2
6 1 1 3 4 6 11 14 5 0 9 1 13 7 8 10 15 12 2
6 1 1 3 0 4 11 14 5 6 9 1 13 7 8 10 15 12 2
6 1 1 4 5 11 3 14 13 6 9 0 15 7 8 1 10 12 2
6 2 0 4 5 11 3 14 13 6 9 1 15 7 8 2 10 12 0
6 1 1 4 5 11 3 14 13 6 9 1 15 0 8 10 12 7 2
6 1 1 4 5 11 3 14 13 6 9 10 1 7 8 15 0 12 2
6 2 0 4 5 11 3 14 13 6 9 10 1 7 8 2 15 12 0
6 1 1 0 5 11 3 4 13 6 9 14 1 7 8 10 15 12 2
6 1 1 4 5 11 3 13 0 6 9 14 1 7 8 10 15 12 2
6 1 1 4 5 11 3 14 13 6 9 1 7 12 8 10 0 15 2
6 1 1 4 5 0 3 14 13 11 9 1 7 6 8 10 15 12 2
6 1 1 4 5 11 3 14 0 13 9 1 7 6 8 10 15 12 2
6 1 1 4 5 11 3 14 13 9 0 1 7 6 8 10 15 12 2
6 1 1 4 5 11 3 14 13 6 0 1 7 8 9 10 15 12 2
6 1 1 4 5 11 3 1 14 6 9 10 13 7 8 15 0 12 2
6 2 0 4 5 11 3 1 14 6 9 10 13 7 8 2 15 12 0
6 1 1 4 5 11 3 1 14 6 9 13 15 7 8 10 0 12 2
6 1 1 4 5 11 3 1 0 6 9 13 14 7 8 10 15 12 2
6 1 1 4 5 11 3 1 14 6 9 13 7 0 8 10 15 12 2
6 1 1 5 14 11 3 4 0 6 9 1 13 7 8 10 15 12 2
6 1 1 5 11 0 3 4 14 6 9 1 13 7 8 10 15 12 2
6 1 1 4 5 11 3 14 6 7 9 1 13 12 8 10 0 15 2
6 1 1 4 5 11 3 14 6 7 9 1 15 13 8 10 0 12 2
6 1 1 4 5 11 3 14 0 7 9 1 6 13 8 10 15 12 2
6 1 1 4 5 11 3 14 6 7 9 0 1 13 8 10 15 12 2
6 1 1 4 5 11 3 14 6 7 0 1 13 8 9 10 15 12 2
6 1 1 4 6 5 3 14 0 11 9 1 13 7 8 10 15 12 2
6 1 1 0 4 5 3 14 6 11 9 1 13 7 8 10 15 12 2
6 1 1 4 5 3 9 14 6 11 0 1 13 7 8 10 15 12 2
6 1 1 4 5 11 3 14 6 9 8 1 13 0 7 10 15 12 2
6 1 1 4 5 0 11 14 6 9 3 1 13 7 8 10 15 12 2
6 1 1 14 4 11 3 1 5 6 9 10 13 7 8 15 0 12 2
6 2 0 14 4 11 3 1 5 6 9 10 13 7 8 2 15 12 0
6 1 1 14 4 11 3 1 5 6 9 13 15 7 8 10 0 12 2
6 1 1 14 4 11 3 1 0 6 9 13 5 7 8 10 15 12 2
6 1 1 14 4 11 3 1 5 6 9 13 7 0 8 10 15 12 2
6 1 1 14 4 11 3 5 13 6 9 1 15 7 8 10 0 12 2
6 1 1 14 4 11 3 5 13 6 9 0 1 7 8 10 15 12 2
6 1 1 14 4 11 3 5 13 6 9 1 7 0 8 10 15 12 2
6 1 1 0 14 11 3 5 4 6 9 1 13 7 8 10 15 12 2
6 1 1 14 11 0 3 5 4 6 9 1 13 7 8 10 15 12 2
6 1 1 14 4 11 3 5 6 7 9 1 13 0 8 10 15 12 2
6 1 1 14 4 0 3 5 6 11 9 1 13 7 8 10 15 12 2
6 1 1 14 4 11 3 5 6 9 0 1 13 7 8 10 15 12 2
6 1 1 4 11 6 3 14 5 7 9 1 13 12 8 10 0 15 2
6 1 1 4 11 6 3 14 5 7 9 1 15 13 8 10 0 12 2
6 1 1 4 11 6 3 14 0 7 9 1 5 13 8 10 15 12 2
6 1 1 4 11 6 3 14 5 7 9 0 1 13 8 10 15 12 2
6 1 1 4 11 6 3 14 5 7 0 1 13 8 9 10 15 12 2
6 1 1 4 11 6 3 14 13 5 9 1 15 7 8 10 0 12 2
6 1 1 4 11 6 3 14 13 5 9 0 1 7 8 10 15 12 2
6 1 1 4 11 6 3 14 13 5 9 1 7 0 8 10 15 12 2
6 1 1 0 4 6 3 14 11 5 9 1 13 7 8 10 15 12 2
6 1 1 4 6 0 3 14 11 5 9 1 13 7 8 10 15 12 2
6 1 1 4 11 6 3 1 14 5 9 0 13 7 8 10 15 12 2
6 1 1 0 11 6 3 4 14 5 9 1 13 7 8 10 15 12 2
6 1 1 4 11 6 3 14 5 9 8 1 13 0 7 10 15 12 2
6 1 1 4 11 0 6 14 5 9 3 1 13 7 8 10 15 12 2
6 1 1 4 11 3 9 14 5 6 8 1 13 0 7 10 15 12 2
6 1 1 4 11 3 9 14 5 7 6 1 13 0 8 10 15 12 2
6 1 1 4 11 0 9 14 5 3 6 1 13 7 8 10 15 12 2
6 1 1 4 11 3 9 14 0 5 6 1 13 7 8 10 15 12 2
6 1 0 3 4 11 9 14 5 6 8 1 13 7 2 10 15 12 0
7 3 1 3 4 11 6 14 5 0 9 1 13 7 8 10 15 12 2
7 3 1 3 4 11 10 14 5 6 9 1 13 7 8 0 15 12 2
7 2 1 2 4 11 3 14 5 6 9 1 13 7 8 0 15 12 10
7 3 1 14 5 11 3 4 0 6 9 1 13 7 8 10 15 12 2
7 3 0 2 11 3 4 14 5 6 9 1 13 7 8 10 15 12 0
7 2 1 0 5 3 4 14 6 11 9 1 13 7 8 10 15 12 2
7 2 1 0 5 11 4 14 6 9 3 1 13 7 8 10 15 12 2
7 2 1 0 11 6 4 14 5 9 3 1 13 7 8 10 15 12 2
7 1 1 4 5 11 3 14 13 6 9 1 15 7 0 10 12 2 8
7 1 1 4 5 11 3 14 13 6 9 1 7 12 0 10 15 2 8
7 1 1 4 5 11 3 14 13 6 9 1 7 8 2 10 15 0 12
7 1 1 4 5 11 3 14 6 7 9 1 13 12 0 10 15 2 8
7 1 1 4 5 11 3 14 6 7 9 1 13 8 2 10 15 0 12
7 1 1 4 5 11 3 14 6 9 8 1 13 7 2 10 15 0 12
7 1 1 4 11 6 3 14 5 7 9 1 13 12 0 10 15 2 8
7 1 1 4 11 6 3 14 5 7 9 1 13 8 2 10 15 0 12
7 1 1 4 11 6 3 14 5 9 8 1 13 7 2 10 15 0 12
7 1 1 4 11 3 9 14 5 6 8 1 13 7 2 10 15 0 12
7 1 1 4 11 3 6 14 5 7 9 1 13 0 8 10 15 12 2
7 1 1 4 11 0 6 14 5 3 9 1 13 7 8 10 15 12 2
7 1 1 4 11 3 6 14 0 5 9 1 13 7 8 10 15 12 2
7 1 1 4 11 3 6 14 5 9 0 1 13 7 8 10 15 12 2
7 1 1 4 11 3 10 14 5 6 9 0 13 7 8 1 15 12 2
7 1 1 4 11 3 10 14 5 6 9 1 13 7 8 15 0 12 2
7 2 0 4 11 3 10 14 5 6 9 1 13 7 8 2 15 12 0
7 1 1 2 4 11 3 14 5 6 0 1 13 7 9 10 15 12 8
7 1 1 2 4 11 3 14 5 6 9 1 13 0 7 10 15 12 8
7 1 1 2 4 11 3 14 5 6 9 1 13 0 8 10 15 7 12
7 1 1 2 4 11 3 14 5 6 9 1 13 7 8 10 0 15 12
7 1 1 3 5 11 9 4 14 6 0 1 13 7 8 10 15 12 2
7 1 1 3 5 0 11 4 14 6 9 1 13 7 8 10 15 12 2
7 1 1 5 4 11 3 14 13 6 9 1 15 7 8 10 0 12 2
7 1 1 5 4 11 3 14 13 6 9 0 1 7 8 10 15 12 2
7 1 1 5 4 11 3 14 13 6 9 1 7 0 8 10 15 12 2
7 1 1 0 5 11 3 14 4 6 9 1 13 7 8 10 15 12 2
7 1 1 5 11 0 3 14 4 6 9 1 13 7 8 10 15 12 2
7 1 1 5 4 11 3 1 14 6 9 0 13 7 8 10 15 12 2
7 1 1 0 4 11 3 5 14 6 9 1 13 7 8 10 15 12 2
7 1 1 5 4 11 3 14 6 7 9 1 13 0 8 10 15 12 2
7 1 1 5 4 0 3 14 6 11 9 1 13 7 8 10 15 12 2
7 1 1 5 4 11 3 14 6 9 0 1 13 7 8 10 15 12 2
7 1 1 14 11 3 4 1 5 6 9 0 13 7 8 10 15 12 2
7 1 1 14 11 3 4 5 0 6 9 1 13 7 8 10 15 12 2
7 1 1 11 5 3 4 14 0 6 9 1 13 7 8 10 15 12 2
7 1 1 11 3 0 4 14 5 6 9 1 13 7 8 10 15 12 2
7 1 1 3 4 11 9 14 5 6 8 1 13 0 7 10 15 12 2
7 1 1 3 4 11 9 14 5 7 6 1 13 0 8 10 15 12 2
7 1 1 3 4 0 9 14 5 11 6 1 13 7 8 10 15 12 2
7 1 1 3 4 11 9 14 0 5 6 1 13 7 8 10 15 12 2
7 1 1 3 4 6 11 14 5 7 9 1 13 0 8 10 15 12 2
7 1 1 3 4 6 11 14 0 5 9 1 13 7 8 10 15 12 2
7 1 1 3 4 6 11 14 5 9 0 1 13 7 8 10 15 12 2
7 1 1 3 5 4 11 14 0 6 9 1 13 7 8 10 15 12 2
7 1 1 0 3 4 11 14 5 6 9 1 13 7 8 10 15 12 2
7 1 1 4 5 11 3 0 13 6 9 14 15 7 8 1 10 12 2
7 1 1 4 5 11 3 14 13 6 9 15 0 7 8 1 10 12 2
7 1 1 4 5 11 3 14 13 0 9 1 15 6 8 10 12 7 2
7 1 1 4 5 11 3 14 13 6 9 1 0 15 8 10 12 7 2
7 1 1 4 5 11 3 14 13 6 9 1 15 8 0 10 12 7 2
7 1 1 4 5 11 3 14 13 6 9 10 0 7 8 15 1 12 2
7 1 1 4 5 11 3 14 13 6 9 10 1 7 8 15 12 0 2
7 1 1 5 0 11 3 4 13 6 9 14 1 7 8 10 15 12 2
7 1 1 4 5 11 3 13 1 6 9 14 0 7 8 10 15 12 2
7 1 1 4 0 11 3 13 5 6 9 14 1 7 8 10 15 12 2
7 1 1 4 5 11 3 13 6 0 9 14 1 7 8 10 15 12 2
7 1 1 4 5 11 3 14 13 6 9 1 0 12 8 10 7 15 2
7 1 1 4 5 11 3 14 13 6 9 1 7 12 8 0 10 15 2
7 1 1 4 0 5 3 14 13 11 9 1 7 6 8 10 15 12 2
7 1 1 4 5 3 0 14 13 11 9 1 7 6 8 10 15 12 2
7 1 1 4 5 11 3 14 7 13 9 1 0 6 8 10 15 12 2
7 1 1 4 0 11 3 14 5 13 9 1 7 6 8 10 15 12 2
7 1 1 4 5 11 3 0 14 13 9 1 7 6 8 10 15 12 2
7 1 1 4 5 11 3 14 13 9 8 1 7 6 0 10 15 12 2
7 1 1 4 5 11 0 14 13 9 3 1 7 6 8 10 15 12 2
7 1 1 4 5 11 0 14 13 6 3 1 7 8 9 10 15 12 2
7 1 1 4 5 11 3 14 13 0 6 1 7 8 9 10 15 12 2
7 1 1 4 5 11 3 1 14 6 9 10 0 7 8 15 13 12 2
7 1 1 4 5 11 3 1 14 6 9 10 13 7 8 15 12 0 2
7 1 1 4 5 11 3 1 14 6 9 13 15 7 8 0 10 12 2
7 1 1 4 5 11 3 1 14 6 9 13 15 7 8 10 12 0 2
7 1 1 4 0 11 3 1 5 6 9 13 14 7 8 10 15 12 2
7 1 1 4 5 11 3 0 1 6 9 13 14 7 8 10 15 12 2
7 1 1 4 5 11 3 1 6 0 9 13 14 7 8 10 15 12 2
7 1 1 4 5 11 3 1 14 6 9 13 7 12 8 10 15 0 2
7 1 1 4 5 11 3 1 14 0 9 13 7 6 8 10 15 12 2
7 1 1 4 5 11 3 1 14 6 9 13 7 8 0 10 15 12 2
7 1 1 5 14 11 3 4 13 6 9 1 0 7 8 10 15 12 2
7 1 1 5 14 11 3 0 4 6 9 1 13 7 8 10 15 12 2
7 1 1 5 14 11 3 4 6 0 9 1 13 7 8 10 15 12 2
7 1 1 5 11 6 3 4 14 0 9 1 13 7 8 10 15 12 2
7 1 1 5 11 3 0 4 14 6 9 1 13 7 8 10 15 12 2
7 1 1 4 5 11 3 14 6 7 9 1 0 12 8 10 13 15 2
7 1 1 4 5 11 3 14 6 7 9 1 13 12 8 0 10 15 2
7 1 1 4 5 11 3 14 6 7 9 1 15 13 8 0 10 12 2
7 1 1 4 5 11 3 14 6 7 9 1 15 13 8 10 12 0 2
7 1 1 4 0 11 3 14 5 7 9 1 6 13 8 10 15 12 2
7 1 1 4 5 11 3 0 14 7 9 1 6 13 8 10 15 12 2
7 1 1 4 5 11 3 14 7 0 9 1 6 13 8 10 15 12 2
7 1 1 4 5 11 3 14 6 7 9 10 1 13 8 0 15 12 2
7 1 1 4 5 11 3 0 6 7 9 14 1 13 8 10 15 12 2
7 1 1 4 5 11 0 14 6 7 3 1 13 8 9 10 15 12 2
7 1 1 4 5 11 3 14 6 0 7 1 13 8 9 10 15 12 2
7 1 1 4 6 5 3 14 13 11 9 1 0 7 8 10 15 12 2
7 1 1 4 6 5 3 0 14 11 9 1 13 7 8 10 15 12 2
7 1 1 4 6 5 3 14 11 0 9 1 13 7 8 10 15 12 2
7 1 1 14 4 5 3 0 6 11 9 1 13 7 8 10 15 12 2
7 1 1 4 5 3 9 14 6 11 8 1 13 7 0 10 15 12 2
7 1 1 4 5 3 9 14 6 0 11 1 13 7 8 10 15 12 2
7 1 1 4 5 11 3 14 6 9 8 1 13 12 7 10 15 0 2
7 1 1 4 5 11 3 14 6 0 8 1 13 9 7 10 15 12 2
7 1 1 4 5 11 3 14 6 9 8 1 0 13 7 10 15 12 2
7 1 1 4 5 9 11 14 6 0 3 1 13 7 8 10 15 12 2
7 1 1 4 0 5 11 14 6 9 3 1 13 7 8 10 15 12 2
7 1 1 14 4 11 3 1 5 6 9 10 0 7 8 15 13 12 2
7 1 1 14 4 11 3 1 5 6 9 10 13 7 8 15 12 0 2
7 1 1 14 4 11 3 1 5 6 9 13 15 7 8 0 10 12 2
7 1 1 14 4 11 3 1 5 6 9 13 15 7 8 10 12 0 2
7 1 1 14 0 11 3 1 4 6 9 13 5 7 8 10 15 12 2
7 1 1 14 4 11 3 0 1 6 9 13 5 7 8 10 15 12 2
7 1 1 14 4 11 3 1 6 0 9 13 5 7 8 10 15 12 2
7 1 1 14 4 11 3 1 5 6 9 13 7 12 8 10 15 0 2
7 1 1 14 4 11 3 1 5 0 9 13 7 6 8 10 15 12 2
7 1 1 14 4 11 3 1 5 6 9 13 7 8 0 10 15 12 2
7 1 1 14 4 11 3 5 13 6 9 1 15 7 8 0 10 12 2
7 1 1 14 4 11 3 5 13 6 9 1 15 7 8 10 12 0 2
7 1 1 14 4 11 3 5 13 6 9 10 1 7 8 0 15 12 2
7 1 1 14 4 11 3 0 13 6 9 5 1 7 8 10 15 12 2
7 1 1 14 4 11 3 5 13 6 9 1 7 12 8 10 15 0 2
7 1 1 14 4 11 3 5 13 0 9 1 7 6 8 10 15 12 2
7 1 1 14 4 11 3 5 13 6 9 1 7 8 0 10 15 12 2
7 1 1 14 11 6 3 5 4 0 9 1 13 7 8 10 15 12 2
7 1 1 14 11 3 0 5 4 6 9 1 13 7 8 10 15 12 2
7 1 1 14 4 11 3 5 6 7 9 1 13 12 8 10 15 0 2
7 1 1 14 4 11 3 5 6 7 9 1 0 13 8 10 15 12 2
7 1 1 14 4 11 3 5 6 7 9 1 13 8 0 10 15 12 2
7 1 1 14 0 4 3 5 6 11 9 1 13 7 8 10 15 12 2
7 1 1 14 4 3 0 5 6 11 9 1 13 7 8 10 15 12 2
7 1 1 14 4 11 3 5 6 9 8 1 13 7 0 10 15 12 2
7 1 1 14 4 11 0 5 6 9 3 1 13 7 8 10 15 12 2
7 1 1 4 11 6 3 14 5 7 9 1 0 12 8 10 13 15 2
7 1 1 4 11 6 3 14 5 7 9 1 13 12 8 0 10 15 2
7 1 1 4 11 6 3 14 5 7 9 1 15 13 8 0 10 12 2
7 1 1 4 11 6 3 14 5 7 9 1 15 13 8 10 12 0 2
7 1 1 4 0 6 3 14 11 7 9 1 5 13 8 10 15 12 2
7 1 1 4 11 6 3 0 14 7 9 1 5 13 8 10 15 12 2
7 1 1 4 11 6 3 14 7 0 9 1 5 13 8 10 15 12 2
7 1 1 4 11 6 3 14 5 7 9 10 1 13 8 0 15 12 2
7 1 1 4 11 6 3 0 5 7 9 14 1 13 8 10 15 12 2
7 1 1 4 11 6 0 14 5 7 3 1 13 8 9 10 15 12 2
7 1 1 4 11 6 3 14 5 0 7 1 13 8 9 10 15 12 2
7 1 1 4 11 6 3 14 13 5 9 1 15 7 8 0 10 12 2
7 1 1 4 11 6 3 14 13 5 9 1 15 7 8 10 12 0 2
7 1 1 4 11 6 3 14 13 5 9 10 1 7 8 0 15 12 2
7 1 1 4 11 6 3 0 13 5 9 14 1 7 8 10 15 12 2
7 1 1 4 11 6 3 14 13 5 9 1 7 12 8 10 15 0 2
7 1 1 4 11 6 3 14 13 0 9 1 7 5 8 10 15 12 2
7 1 1 4 11 6 3 14 13 5 9 1 7 8 0 10 15 12 2
7 1 1 14 4 6 3 0 11 5 9 1 13 7 8 10 15 12 2
7 1 1 4 6 3 0 14 11 5 9 1 13 7 8 10 15 12 2
7 1 1 4 11 6 3 1 14 5 9 10 13 7 8 0 15 12 2
7 1 1 4 11 6 3 1 14 5 9 13 0 7 8 10 15 12 2
7 1 1 11 0 6 3 4 14 5 9 1 13 7 8 10 15 12 2
7 1 1 4 11 6 3 14 5 9 8 1 13 12 7 10 15 0 2
7 1 1 4 11 6 3 14 5 0 8 1 13 9 7 10 15 12 2
7 1 1 4 11 6 3 14 5 9 8 1 0 13 7 10 15 12 2
7 1 1 4 11 9 6 14 5 0 3 1 13 7 8 10 15 12 2
7 1 1 4 0 11 6 14 5 9 3 1 13 7 8 10 15 12 2
7 1 1 4 11 3 9 14 5 6 8 1 13 12 7 10 15 0 2
7 1 1 4 11 3 9 14 5 0 8 1 13 6 7 10 15 12 2
7 1 1 4 11 3 9 14 5 6 8 1 0 13 7 10 15 12 2
7 1 1 4 11 3 9 14 5 7 6 1 13 12 8 10 15 0 2
7 1 1 4 11 3 9 14 5 7 6 1 0 13 8 10 15 12 2
7 1 1 4 11 3 9 14 5 7 6 1 13 8 0 10 15 12 2
7 1 1 4 0 11 9 14 5 3 6 1 13 7 8 10 15 12 2
7 1 1 4 11 9 0 14 5 3 6 1 13 7 8 10 15 12 2
7 1 1 4 11 3 9 14 13 5 6 1 0 7 8 10 15 12 2
7 1 1 4 0 3 9 14 11 5 6 1 13 7 8 10 15 12 2
7 1 1 4 11 3 9 0 14 5 6 1 13 7 8 10 15 12 2
7 1 0 4 5 11 3 14 13 6 9 1 15 8 2 10 12 7 0
7 1 0 4 5 11 3 14 13 6 9 10 1 7 8 15 12 2 0
7 1 0 4 5 11 3 14 13 9 8 1 7 6 2 10 15 12 0
7 1 0 4 5 11 3 1 14 6 9 10 13 7 8 15 12 2 0
7 1 0 4 5 11 3 1 14 6 9 13 15 7 8 10 12 2 0
7 1 0 4 5 11 3 1 14 6 9 13 7 12 8 10 15 2 0
7 1 0 4 5 11 3 1 14 6 9 13 7 8 2 10 15 12 0
7 1 0 4 5 11 3 14 6 7 9 1 15 13 8 10 12 2 0
7 1 0 4 5 3 9 14 6 11 8 1 13 7 2 10 15 12 0
7 1 0 4 5 11 3 14 6 9 8 1 13 12 7 10 15 2 0
7 1 0 14 4 11 3 1 5 6 9 10 13 7 8 15 12 2 0
7 1 0 14 4 11 3 1 5 6 9 13 15 7 8 10 12 2 0
7 1 0 14 4 11 3 1 5 6 9 13 7 12 8 10 15 2 0
7 1 0 14 4 11 3 1 5 6 9 13 7 8 2 10 15 12 0
7 1 0 14 4 11 3 5 13 6 9 1 15 7 8 10 12 2 0
7 1 0 14 4 11 3 5 13 6 9 1 7 12 8 10 15 2 0
7 1 0 14 4 11 3 5 13 6 9 1 7 8 2 10 15 12 0
7 1 0 14 4 11 3 5 6 7 9 1 13 12 8 10 15 2 0
7 1 0 14 4 11 3 5 6 7 9 1 13 8 2 10 15 12 0
7 1 0 14 4 11 3 5 6 9 8 1 13 7 2 10 15 12 0
7 1 0 4 11 6 3 14 5 7 9 1 15 13 8 10 12 2 0
7 1 0 4 11 6 3 14 13 5 9 1 15 7 8 10 12 2 0
7 1 0 4 11 6 3 14 13 5 9 1 7 12 8 10 15 2 0
7 1 0 4 11 6 3 14 13 5 9 1 7 8 2 10 15 12 0
7 1 0 4 11 6 3 14 5 9 8 1 13 12 7 10 15 2 0
7 1 0 4 11 3 9 14 5 6 8 1 13 12 7 10 15 2 0
7 1 0 4 11 3 9 14 5 7 6 1 13 12 8 10 15 2 0
7 1 0 4 11 3 9 14 5 7 6 1 13 8 2 10 15 12 0
8 3 1 2 4 11 3 14 5 6 9 1 13 0 8 10 15 12 7
8 3 1 5 11 3 4 14 0 6 9 1 13 7 8 10 15 12 2
8 3 1 4 5 11 3 14 13 6 9 1 0 7 8 15 10 12 2
8 3 1 4 5 11 0 14 13 6 9 1 15 7 8 3 10 12 2
8 3 1 4 5 11 3 14 13 6 9 10 0 7 8 1 15 12 2
8 3 1 4 5 11 0 14 13 6 9 10 1 7 8 3 15 12 2
8 3 1 4 5 11 3 1 14 6 9 10 0 7 8 13 15 12 2
8 3 1 4 5 11 0 1 14 6 9 10 13 7 8 3 15 12 2
8 3 1 4 5 3 11 14 6 0 9 1 13 7 8 10 15 12 2
8 3 1 4 5 3 10 14 6 11 9 1 13 7 8 0 15 12 2
8 3 1 4 5 11 9 14 6 0 3 1 13 7 8 10 15 12 2
8 3 1 4 5 11 10 14 6 9 3 1 13 7 8 0 15 12 2
8 3 1 14 4 11 3 1 5 6 9 10 0 7 8 13 15 12 2
8 3 1 14 4 11 0 1 5 6 9 10 13 7 8 3 15 12 2
8 3 1 4 11 6 9 14 5 0 3 1 13 7 8 10 15 12 2
8 3 1 4 11 6 10 14 5 9 3 1 13 7 8 0 15 12 2
8 2 1 4 5 11 3 14 13 6 9 1 15 7 8 0 12 2 10
8 2 1 4 5 11 3 14 13 6 9 1 7 12 8 0 15 2 10
8 2 1 4 5 11 3 14 13 6 9 1 7 8 2 0 15 12 10
8 2 1 4 5 11 3 14 6 7 9 1 13 12 8 0 15 2 10
8 2 1 4 5 11 3 14 6 7 9 1 13 8 2 0 15 12 10
8 2 1 4 5 11 3 14 6 9 8 1 13 7 2 0 15 12 10
8 2 1 4 11 6 3 14 5 7 9 1 13 12 8 0 15 2 10
8 2 1 4 11 6 3 14 5 7 9 1 13 8 2 0 15 12 10
8 2 1 4 11 6 3 14 5 9 8 1 13 7 2 0 15 12 10
8 2 1 4 11 3 9 14 5 6 8 1 13 7 2 0 15 12 10
8 1 1 2 5 11 3 4 14 6 9 1 13 7 0 10 15 12 8
8 1 1 2 5 11 3 4 14 6 9 1 13 7 8 10 15 0 12
8 1 1 4 5 11 3 14 13 6 9 1 15 7 0 2 10 12 8
8 1 1 4 5 11 3 14 13 6 9 1 15 7 8 2 10 0 12
8 1 1 4 5 11 3 14 13 6 9 10 1 7 0 2 15 12 8
8 1 1 4 5 11 3 14 13 6 9 10 1 7 8 2 15 0 12
8 2 1 3 5 11 0 4 13 6 9 14 1 7 8 10 15 12 2
8 3 0 2 5 11 3 4 13 6 9 14 1 7 8 10 15 12 0
8 1 1 4 5 11 3 1 14 6 9 10 13 7 0 2 15 12 8
8 1 1 4 5 11 3 1 14 6 9 10 13 7 8 2 15 0 12
8 2 1 3 4 5 0 14 6 11 9 1 13 7 8 10 15 12 2
8 3 0 2 4 5 3 14 6 11 9 1 13 7 8 10 15 12 0
8 1 1 14 4 11 3 1 5 6 9 10 13 7 0 2 15 12 8
8 1 1 14 4 11 3 1 5 6 9 10 13 7 8 2 15 0 12
8 2 1 3 14 11 0 5 4 6 9 1 13 7 8 10 15 12 2
8 3 0 2 14 11 3 5 4 6 9 1 13 7 8 10 15 12 0
8 2 1 3 4 6 0 14 11 5 9 1 13 7 8 10 15 12 2
8 3 0 2 4 6 3 14 11 5 9 1 13 7 8 10 15 12 0
8 2 1 3 11 6 0 4 14 5 9 1 13 7 8 10 15 12 2
8 3 0 2 11 6 3 4 14 5 9 1 13 7 8 10 15 12 0
8 1 1 3 4 11 9 14 5 6 8 1 13 7 2 10 15 0 12
8 1 1 3 4 11 6 14 5 7 9 1 13 0 8 10 15 12 2
8 1 1 3 4 0 6 14 5 11 9 1 13 7 8 10 15 12 2
8 1 1 3 4 11 6 14 0 5 9 1 13 7 8 10 15 12 2
8 1 1 3 4 11 6 14 5 9 0 1 13 7 8 10 15 12 2
8 1 1 3 4 11 10 14 5 6 9 0 13 7 8 1 15 12 2
8 1 1 3 4 11 10 14 5 6 9 1 13 7 8 15 0 12 2
8 2 0 3 4 11 10 14 5 6 9 1 13 7 8 2 15 12 0
8 1 1 2 4 11 3 14 5 6 9 0 13 7 8 1 15 12 10
8 1 1 2 4 11 3 14 5 6 9 1 13 7 8 15 0 12 10
8 1 1 14 5 11 3 4 13 6 9 1 0 7 8 10 15 12 2
8 1 1 14 0 11 3 4 5 6 9 1 13 7 8 10 15 12 2
8 1 1 14 5 11 3 0 4 6 9 1 13 7 8 10 15 12 2
8 1 1 14 5 11 3 4 6 0 9 1 13 7 8 10 15 12 2
8 1 1 14 5 3 4 0 6 11 9 1 13 7 8 10 15 12 2
8 1 1 5 0 3 4 14 6 11 9 1 13 7 8 10 15 12 2
8 1 1 14 5 11 4 0 6 9 3 1 13 7 8 10 15 12 2
8 1 1 5 0 11 4 14 6 9 3 1 13 7 8 10 15 12 2
8 1 1 14 11 6 4 0 5 9 3 1 13 7 8 10 15 12 2
8 1 1 11 0 6 4 14 5 9 3 1 13 7 8 10 15 12 2
8 1 1 4 5 11 3 14 13 6 0 1 15 7 9 10 12 2 8
8 1 1 4 5 11 3 14 13 6 9 1 15 0 7 10 12 2 8
8 1 1 4 5 11 3 14 13 6 0 1 7 12 9 10 15 2 8
8 1 1 4 5 11 3 14 13 6 9 1 7 0 12 10 15 2 8
8 1 1 4 5 11 3 14 13 6 9 1 7 0 2 10 15 8 12
8 1 1 4 5 11 3 14 13 6 9 1 7 8 2 10 0 15 12
8 1 1 4 5 11 3 14 6 7 0 1 13 12 9 10 15 2 8
8 1 1 4 5 11 3 14 6 7 9 1 13 0 12 10 15 2 8
8 1 1 4 5 11 3 14 6 7 9 1 13 0 2 10 15 8 12
8 1 1 4 5 11 3 14 6 7 9 1 13 8 2 10 0 15 12
8 1 1 4 5 11 3 14 6 9 8 1 13 0 2 10 15 7 12
8 1 1 4 5 11 3 14 6 9 8 1 13 7 2 10 0 15 12
8 1 1 4 11 6 3 14 5 7 0 1 13 12 9 10 15 2 8
8 1 1 4 11 6 3 14 5 7 9 1 13 0 12 10 15 2 8
8 1 1 4 11 6 3 14 5 7 9 1 13 0 2 10 15 8 12
8 1 1 4 11 6 3 14 5 7 9 1 13 8 2 10 0 15 12
8 1 1 4 11 6 3 14 5 9 8 1 13 0 2 10 15 7 12
8 1 1 4 11 6 3 14 5 9 8 1 13 7 2 10 0 15 12
8 1 1 4 11 3 9 14 5 6 8 1 13 0 2 10 15 7 12
8 1 1 4 11 3 9 14 5 6 8 1 13 7 2 10 0 15 12
8 1 1 4 11 3 6 14 5 7 9 1 13 12 8 10 15 0 2
8 1 1 4 11 3 6 14 5 7 9 1 0 13 8 10 15 12 2
8 1 1 4 11 3 6 14 5 7 9 1 13 8 0 10 15 12 2
8 1 1 4 0 11 6 14 5 3 9 1 13 7 8 10 15 12 2
8 1 1 4 11 6 0 14 5 3 9 1 13 7 8 10 15 12 2
8 1 1 4 11 3 6 14 13 5 9 1 0 7 8 10 15 12 2
8 1 1 4 0 3 6 14 11 5 9 1 13 7 8 10 15 12 2
8 1 1 4 11 3 6 0 14 5 9 1 13 7 8 10 15 12 2
8 1 1 4 11 3 6 14 5 9 8 1 13 7 0 10 15 12 2
8 1 1 4 11 3 0 14 5 9 6 1 13 7 8 10 15 12 2
8 1 1 4 11 3 10 0 5 6 9 14 13 7 8 1 15 12 2
8 1 1 4 11 3 10 14 5 6 9 13 0 7 8 1 15 12 2
8 1 1 4 11 3 10 14 5 6 9 1 0 7 8 15 13 12 2
8 1 1 4 11 3 10 14 5 6 9 1 13 7 8 15 12 0 2
8 1 1 2 4 11 0 14 5 6 3 1 13 7 9 10 15 12 8
8 1 1 2 4 11 3 14 5 0 6 1 13 7 9 10 15 12 8
8 1 1 2 4 11 3 14 5 6 9 1 13 12 7 10 15 0 8
8 1 1 2 4 11 3 14 5 0 9 1 13 6 7 10 15 12 8
8 1 1 2 4 11 3 14 5 6 9 1 0 13 7 10 15 12 8
8 1 1 2 4 11 3 14 5 0 9 1 13 6 8 10 15 7 12
8 1 1 2 4 11 3 14 5 6 9 1 0 13 8 10 15 7 12
8 1 1 2 4 11 3 14 5 6 9 1 13 8 0 10 15 7 12
8 1 1 2 4 11 3 14 5 6 9 1 0 7 8 10 13 15 12
8 1 1 2 4 11 3 14 5 6 9 1 13 7 8 0 10 15 12
8 1 1 3 5 11 9 4 14 6 8 1 13 7 0 10 15 12 2
8 1 1 3 5 11 9 4 14 0 6 1 13 7 8 10 15 12 2
8 1 1 3 5 6 11 4 14 0 9 1 13 7 8 10 15 12 2
8 1 1 3 0 5 11 4 14 6 9 1 13 7 8 10 15 12 2
8 1 1 5 4 11 3 14 13 6 9 1 15 7 8 0 10 12 2
8 1 1 5 4 11 3 14 13 6 9 1 15 7 8 10 12 0 2
8 1 1 5 4 11 3 14 13 6 9 10 1 7 8 0 15 12 2
8 1 1 5 4 11 3 0 13 6 9 14 1 7 8 10 15 12 2
8 1 1 5 4 11 3 14 13 6 9 1 7 12 8 10 15 0 2
8 1 1 5 4 11 3 14 13 0 9 1 7 6 8 10 15 12 2
8 1 1 5 4 11 3 14 13 6 9 1 7 8 0 10 15 12 2
8 1 1 5 11 6 3 14 4 0 9 1 13 7 8 10 15 12 2
8 1 1 5 11 3 0 14 4 6 9 1 13 7 8 10 15 12 2
8 1 1 5 4 11 3 1 14 6 9 10 13 7 8 0 15 12 2
8 1 1 5 4 11 3 1 14 6 9 13 0 7 8 10 15 12 2
8 1 1 4 0 11 3 5 14 6 9 1 13 7 8 10 15 12 2
8 1 1 5 4 11 3 14 6 7 9 1 13 12 8 10 15 0 2
8 1 1 5 4 11 3 14 6 7 9 1 0 13 8 10 15 12 2
8 1 1 5 4 11 3 14 6 7 9 1 13 8 0 10 15 12 2
8 1 1 5 0 4 3 14 6 11 9 1 13 7 8 10 15 12 2
8 1 1 5 4 3 0 14 6 11 9 1 13 7 8 10 15 12 2
8 1 1 5 4 11 3 14 6 9 8 1 13 7 0 10 15 12 2
8 1 1 5 4 11 0 14 6 9 3 1 13 7 8 10 15 12 2
8 1 1 14 11 3 4 1 5 6 9 10 13 7 8 0 15 12 2
8 1 1 14 11 3 4 1 5 6 9 13 0 7 8 10 15 12 2
8 1 1 14 11 3 4 5 13 6 9 1 0 7 8 10 15 12 2
8 1 1 14 0 3 4 5 11 6 9 1 13 7 8 10 15 12 2
8 1 1 14 11 3 4 5 6 0 9 1 13 7 8 10 15 12 2
8 1 1 11 5 3 4 14 13 6 9 1 0 7 8 10 15 12 2
8 1 1 11 5 3 4 0 14 6 9 1 13 7 8 10 15 12 2
8 1 1 11 5 3 4 14 6 0 9 1 13 7 8 10 15 12 2
8 1 1 11 3 6 4 14 5 0 9 1 13 7 8 10 15 12 2
8 1 1 11 3 4 0 14 5 6 9 1 13 7 8 10 15 12 2
8 1 1 3 4 11 9 14 5 6 8 1 13 12 7 10 15 0 2
8 1 1 3 4 11 9 14 5 0 8 1 13 6 7 10 15 12 2
8 1 1 3 4 11 9 14 5 6 8 1 0 13 7 10 15 12 2
8 1 1 3 4 11 9 14 5 7 6 1 13 12 8 10 15 0 2
8 1 1 3 4 11 9 14 5 7 6 1 0 13 8 10 15 12 2
8 1 1 3 4 11 9 14 5 7 6 1 13 8 0 10 15 12 2
8 1 1 3 0 4 9 14 5 11 6 1 13 7 8 10 15 12 2
8 1 1 3 4 9 0 14 5 11 6 1 13 7 8 10 15 12 2
8 1 1 3 4 11 9 14 13 5 6 1 0 7 8 10 15 12 2
8 1 1 3 0 11 9 14 4 5 6 1 13 7 8 10 15 12 2
8 1 1 3 4 11 9 0 14 5 6 1 13 7 8 10 15 12 2
8 1 1 3 4 6 11 14 5 7 9 1 13 12 8 10 15 0 2
8 1 1 3 4 6 11 14 5 7 9 1 0 13 8 10 15 12 2
8 1 1 3 4 6 11 14 5 7 9 1 13 8 0 10 15 12 2
8 1 1 3 4 6 11 14 13 5 9 1 0 7 8 10 15 12 2
8 1 1 3 0 6 11 14 4 5 9 1 13 7 8 10 15 12 2
8 1 1 3 4 6 11 0 14 5 9 1 13 7 8 10 15 12 2
8 1 1 3 4 6 11 14 5 9 8 1 13 7 0 10 15 12 2
8 1 1 3 4 6 0 14 5 9 11 1 13 7 8 10 15 12 2
8 1 1 3 5 4 11 14 13 6 9 1 0 7 8 10 15 12 2
8 1 1 3 5 4 11 0 14 6 9 1 13 7 8 10 15 12 2
8 1 1 3 5 4 11 14 6 0 9 1 13 7 8 10 15 12 2
8 1 1 14 3 4 11 0 5 6 9 1 13 7 8 10 15 12 2
8 1 1 0 5 11 3 4 13 6 9 14 15 7 8 1 10 12 2
8 1 1 4 5 11 3 13 0 6 9 14 15 7 8 1 10 12 2
8 1 1 4 5 11 3 14 13 6 9 15 10 7 8 1 0 12 2
8 1 1 4 5 11 3 14 0 6 9 15 13 7 8 1 10 12 2
8 1 1 4 5 11 3 14 13 6 9 15 7 0 8 1 10 12 2
8 1 1 4 5 0 3 14 13 11 9 1 15 6 8 10 12 7 2
8 1 1 4 5 11 3 14 0 13 9 1 15 6 8 10 12 7 2
8 1 1 4 5 11 3 14 13 9 0 1 15 6 8 10 12 7 2
8 1 1 4 5 11 3 14 13 6 9 1 12 15 8 10 0 7 2
8 1 1 4 5 11 3 14 0 6 9 1 13 15 8 10 12 7 2
8 1 1 4 5 11 3 14 13 6 9 0 1 15 8 10 12 7 2
8 1 1 4 5 11 3 14 13 6 0 1 15 8 9 10 12 7 2
8 1 1 4 5 11 3 14 0 6 9 10 13 7 8 15 1 12 2
8 1 1 4 5 11 3 14 13 6 9 0 10 7 8 15 1 12 2
8 1 1 4 5 11 3 14 13 6 9 10 7 0 8 15 1 12 2
8 1 1 4 5 11 3 14 13 6 9 10 1 0 8 15 12 7 2
8 1 1 5 13 11 3 4 0 6 9 14 1 7 8 10 15 12 2
8 1 1 5 11 0 3 4 13 6 9 14 1 7 8 10 15 12 2
8 1 1 4 5 11 3 13 1 6 9 14 15 7 8 10 0 12 2
8 1 1 4 5 11 3 13 1 6 9 0 14 7 8 10 15 12 2
8 1 1 4 5 11 3 13 1 6 9 14 7 0 8 10 15 12 2
8 1 1 0 4 11 3 13 5 6 9 14 1 7 8 10 15 12 2
8 1 1 4 11 0 3 13 5 6 9 14 1 7 8 10 15 12 2
8 1 1 4 5 11 3 13 6 7 9 14 1 0 8 10 15 12 2
8 1 1 4 5 0 3 13 6 11 9 14 1 7 8 10 15 12 2
8 1 1 4 5 11 3 13 6 9 0 14 1 7 8 10 15 12 2
8 1 1 4 5 11 3 14 0 6 9 1 13 12 8 10 7 15 2
8 1 1 4 5 11 3 14 13 6 9 0 1 12 8 10 7 15 2
8 1 1 4 5 11 3 14 13 6 9 1 12 0 8 10 7 15 2
8 1 1 4 5 11 3 14 13 6 9 0 7 12 8 1 10 15 2
8 2 0 4 5 11 3 14 13 6 9 1 7 12 8 2 10 15 0
8 1 1 4 13 5 3 14 0 11 9 1 7 6 8 10 15 12 2
8 1 1 0 4 5 3 14 13 11 9 1 7 6 8 10 15 12 2
8 1 1 4 5 3 9 14 13 11 0 1 7 6 8 10 15 12 2
8 1 1 4 5 11 3 14 7 13 9 1 15 6 8 10 0 12 2
8 1 1 4 5 11 3 14 7 13 9 0 1 6 8 10 15 12 2
8 1 1 4 5 11 3 14 7 13 9 1 6 0 8 10 15 12 2
8 1 1 0 4 11 3 14 5 13 9 1 7 6 8 10 15 12 2
8 1 1 4 11 0 3 14 5 13 9 1 7 6 8 10 15 12 2
8 1 1 4 5 11 3 1 14 13 9 0 7 6 8 10 15 12 2
8 1 1 0 5 11 3 4 14 13 9 1 7 6 8 10 15 12 2
8 1 1 4 5 11 3 14 13 9 8 1 7 0 6 10 15 12 2
8 1 1 4 5 0 11 14 13 9 3 1 7 6 8 10 15 12 2
8 1 1 4 5 0 11 14 13 6 3 1 7 8 9 10 15 12 2
8 1 1 4 5 11 3 14 13 8 6 1 7 0 9 10 15 12 2
8 1 1 4 5 0 3 14 13 11 6 1 7 8 9 10 15 12 2
8 1 1 4 5 11 3 14 0 13 6 1 7 8 9 10 15 12 2
8 1 1 4 5 11 3 1 0 6 9 10 14 7 8 15 13 12 2
8 1 1 4 5 11 3 1 14 6 9 0 10 7 8 15 13 12 2
8 1 1 4 5 11 3 1 14 6 9 10 7 0 8 15 13 12 2
8 1 1 4 5 11 3 1 14 6 9 10 13 0 8 15 12 7 2
8 1 1 4 5 11 3 1 14 6 9 0 15 7 8 13 10 12 2
8 2 0 4 5 11 3 1 14 6 9 13 15 7 8 2 10 12 0
8 1 1 4 5 11 3 1 14 6 9 13 15 0 8 10 12 7 2
8 1 1 0 4 11 3 1 5 6 9 13 14 7 8 10 15 12 2
8 1 1 4 11 0 3 1 5 6 9 13 14 7 8 10 15 12 2
8 1 1 0 5 11 3 4 1 6 9 13 14 7 8 10 15 12 2
8 1 1 4 5 11 3 1 6 7 9 13 14 0 8 10 15 12 2
8 1 1 4 5 0 3 1 6 11 9 13 14 7 8 10 15 12 2
8 1 1 4 5 11 3 1 6 9 0 13 14 7 8 10 15 12 2
8 1 1 4 5 11 3 1 14 6 9 13 7 12 8 10 0 15 2
8 1 1 4 5 0 3 1 14 11 9 13 7 6 8 10 15 12 2
8 1 1 4 5 11 3 1 0 14 9 13 7 6 8 10 15 12 2
8 1 1 4 5 11 3 1 14 9 0 13 7 6 8 10 15 12 2
8 1 1 4 5 11 3 1 14 6 0 13 7 8 9 10 15 12 2
8 1 1 5 14 11 3 4 13 6 9 1 15 7 8 10 0 12 2
8 1 1 5 14 11 3 4 13 6 9 0 1 7 8 10 15 12 2
8 1 1 5 14 11 3 4 13 6 9 1 7 0 8 10 15 12 2
8 1 1 5 14 11 3 1 4 6 9 0 13 7 8 10 15 12 2
8 1 1 5 14 11 3 4 6 7 9 1 13 0 8 10 15 12 2
8 1 1 5 14 0 3 4 6 11 9 1 13 7 8 10 15 12 2
8 1 1 5 14 11 3 4 6 9 0 1 13 7 8 10 15 12 2
8 1 1 5 11 6 3 4 14 7 9 1 13 0 8 10 15 12 2
8 1 1 5 11 6 3 4 0 14 9 1 13 7 8 10 15 12 2
8 1 1 5 11 6 3 4 14 9 0 1 13 7 8 10 15 12 2
8 1 1 5 11 3 9 4 14 6 0 1 13 7 8 10 15 12 2
8 1 1 4 5 11 3 14 0 7 9 1 6 12 8 10 13 15 2
8 1 1 4 5 11 3 14 6 7 9 0 1 12 8 10 13 15 2
8 1 1 4 5 11 3 14 6 7 9 1 12 0 8 10 13 15 2
8 1 1 4 5 11 3 14 6 7 9 0 13 12 8 1 10 15 2
8 2 0 4 5 11 3 14 6 7 9 1 13 12 8 2 10 15 0
8 1 1 4 5 11 3 14 6 7 9 0 15 13 8 1 10 12 2
8 2 0 4 5 11 3 14 6 7 9 1 15 13 8 2 10 12 0
8 1 1 4 5 11 3 14 6 7 9 1 15 0 8 10 12 13 2
8 1 1 0 4 11 3 14 5 7 9 1 6 13 8 10 15 12 2
8 1 1 4 11 0 3 14 5 7 9 1 6 13 8 10 15 12 2
8 1 1 4 5 11 3 1 14 7 9 0 6 13 8 10 15 12 2
8 1 1 0 5 11 3 4 14 7 9 1 6 13 8 10 15 12 2
8 1 1 4 5 0 3 14 7 11 9 1 6 13 8 10 15 12 2
8 1 1 4 5 11 3 14 7 9 0 1 6 13 8 10 15 12 2
8 1 1 4 5 11 3 14 6 7 9 10 1 13 8 15 0 12 2
8 2 0 4 5 11 3 14 6 7 9 10 1 13 8 2 15 12 0
8 1 1 0 5 11 3 4 6 7 9 14 1 13 8 10 15 12 2
8 1 1 4 5 11 3 6 0 7 9 14 1 13 8 10 15 12 2
8 1 1 4 5 0 11 14 6 7 3 1 13 8 9 10 15 12 2
8 1 1 4 5 11 3 14 6 8 7 1 13 0 9 10 15 12 2
8 1 1 4 5 0 3 14 6 11 7 1 13 8 9 10 15 12 2
8 1 1 4 5 11 3 14 0 6 7 1 13 8 9 10 15 12 2
8 1 1 4 6 5 3 14 13 11 9 1 15 7 8 10 0 12 2
8 1 1 4 6 5 3 14 13 11 9 0 1 7 8 10 15 12 2
8 1 1 4 6 5 3 14 13 11 9 1 7 0 8 10 15 12 2
8 1 1 4 6 5 3 1 14 11 9 0 13 7 8 10 15 12 2
8 1 1 0 6 5 3 4 14 11 9 1 13 7 8 10 15 12 2
8 1 1 4 6 5 3 14 11 7 9 1 13 0 8 10 15 12 2
8 1 1 4 6 5 3 14 11 9 0 1 13 7 8 10 15 12 2
8 1 1 14 4 5 3 1 6 11 9 0 13 7 8 10 15 12 2
8 1 1 14 4 5 3 6 0 11 9 1 13 7 8 10 15 12 2
8 1 1 4 5 3 9 14 6 11 8 1 13 0 7 10 15 12 2
8 1 1 4 5 3 9 14 6 7 11 1 13 0 8 10 15 12 2
8 1 1 4 5 0 9 14 6 3 11 1 13 7 8 10 15 12 2
8 1 1 4 5 3 9 14 0 6 11 1 13 7 8 10 15 12 2
8 1 1 4 5 11 3 14 6 9 8 1 13 12 7 10 0 15 2
8 1 1 4 5 0 3 14 6 11 8 1 13 9 7 10 15 12 2
8 1 1 4 5 11 3 14 0 6 8 1 13 9 7 10 15 12 2
8 1 1 4 5 11 3 14 6 8 0 1 13 9 7 10 15 12 2
8 1 1 4 5 11 3 14 6 9 8 1 15 13 7 10 0 12 2
8 1 1 4 5 11 3 14 0 9 8 1 6 13 7 10 15 12 2
8 1 1 4 5 11 3 14 6 9 8 0 1 13 7 10 15 12 2
8 1 1 4 5 9 11 14 6 7 3 1 13 0 8 10 15 12 2
8 1 1 4 5 9 11 14 0 6 3 1 13 7 8 10 15 12 2
8 1 1 4 5 9 11 14 6 3 0 1 13 7 8 10 15 12 2
8 1 1 4 6 5 11 14 0 9 3 1 13 7 8 10 15 12 2
8 1 1 0 4 5 11 14 6 9 3 1 13 7 8 10 15 12 2
8 1 1 14 4 11 3 1 0 6 9 10 5 7 8 15 13 12 2
8 1 1 14 4 11 3 1 5 6 9 0 10 7 8 15 13 12 2
8 1 1 14 4 11 3 1 5 6 9 10 7 0 8 15 13 12 2
8 1 1 14 4 11 3 1 5 6 9 10 13 0 8 15 12 7 2
8 1 1 14 4 11 3 1 5 6 9 0 15 7 8 13 10 12 2
8 2 0 14 4 11 3 1 5 6 9 13 15 7 8 2 10 12 0
8 1 1 14 4 11 3 1 5 6 9 13 15 0 8 10 12 7 2
8 1 1 0 14 11 3 1 4 6 9 13 5 7 8 10 15 12 2
8 1 1 14 11 0 3 1 4 6 9 13 5 7 8 10 15 12 2
8 1 1 14 4 11 3 13 1 6 9 0 5 7 8 10 15 12 2
8 1 1 0 4 11 3 14 1 6 9 13 5 7 8 10 15 12 2
8 1 1 14 4 11 3 1 6 7 9 13 5 0 8 10 15 12 2
8 1 1 14 4 0 3 1 6 11 9 13 5 7 8 10 15 12 2
8 1 1 14 4 11 3 1 6 9 0 13 5 7 8 10 15 12 2
8 1 1 14 4 11 3 1 5 6 9 13 7 12 8 10 0 15 2
8 1 1 14 4 0 3 1 5 11 9 13 7 6 8 10 15 12 2
8 1 1 14 4 11 3 1 0 5 9 13 7 6 8 10 15 12 2
8 1 1 14 4 11 3 1 5 9 0 13 7 6 8 10 15 12 2
8 1 1 14 4 11 3 1 5 6 0 13 7 8 9 10 15 12 2
8 1 1 14 4 11 3 5 13 6 9 0 15 7 8 1 10 12 2
8 2 0 14 4 11 3 5 13 6 9 1 15 7 8 2 10 12 0
8 1 1 14 4 11 3 5 13 6 9 1 15 0 8 10 12 7 2
8 1 1 14 4 11 3 5 13 6 9 10 1 7 8 15 0 12 2
8 2 0 14 4 11 3 5 13 6 9 10 1 7 8 2 15 12 0
8 1 1 0 4 11 3 14 13 6 9 5 1 7 8 10 15 12 2
8 1 1 14 4 11 3 13 0 6 9 5 1 7 8 10 15 12 2
8 1 1 14 4 11 3 5 13 6 9 1 7 12 8 10 0 15 2
8 1 1 14 4 0 3 5 13 11 9 1 7 6 8 10 15 12 2
8 1 1 14 4 11 3 5 0 13 9 1 7 6 8 10 15 12 2
8 1 1 14 4 11 3 5 13 9 0 1 7 6 8 10 15 12 2
8 1 1 14 4 11 3 5 13 6 0 1 7 8 9 10 15 12 2
8 1 1 14 11 6 3 5 4 7 9 1 13 0 8 10 15 12 2
8 1 1 14 11 6 3 5 0 4 9 1 13 7 8 10 15 12 2
8 1 1 14 11 6 3 5 4 9 0 1 13 7 8 10 15 12 2
8 1 1 14 11 3 9 5 4 6 0 1 13 7 8 10 15 12 2
8 1 1 14 4 11 3 5 6 7 9 1 13 12 8 10 0 15 2
8 1 1 14 4 11 3 5 6 7 9 1 15 13 8 10 0 12 2
8 1 1 14 4 11 3 5 0 7 9 1 6 13 8 10 15 12 2
8 1 1 14 4 11 3 5 6 7 9 0 1 13 8 10 15 12 2
8 1 1 14 4 11 3 5 6 7 0 1 13 8 9 10 15 12 2
8 1 1 14 6 4 3 5 0 11 9 1 13 7 8 10 15 12 2
8 1 1 0 14 4 3 5 6 11 9 1 13 7 8 10 15 12 2
8 1 1 14 4 3 9 5 6 11 0 1 13 7 8 10 15 12 2
8 1 1 14 4 11 3 5 6 9 8 1 13 0 7 10 15 12 2
8 1 1 14 4 0 11 5 6 9 3 1 13 7 8 10 15 12 2
8 1 1 4 11 6 3 14 0 7 9 1 5 12 8 10 13 15 2
8 1 1 4 11 6 3 14 5 7 9 0 1 12 8 10 13 15 2
8 1 1 4 11 6 3 14 5 7 9 1 12 0 8 10 13 15 2
8 1 1 4 11 6 3 14 5 7 9 0 13 12 8 1 10 15 2
8 2 0 4 11 6 3 14 5 7 9 1 13 12 8 2 10 15 0
8 1 1 4 11 6 3 14 5 7 9 0 15 13 8 1 10 12 2
8 2 0 4 11 6 3 14 5 7 9 1 15 13 8 2 10 12 0
8 1 1 4 11 6 3 14 5 7 9 1 15 0 8 10 12 13 2
8 1 1 0 4 6 3 14 11 7 9 1 5 13 8 10 15 12 2
8 1 1 4 6 0 3 14 11 7 9 1 5 13 8 10 15 12 2
8 1 1 4 11 6 3 1 14 7 9 0 5 13 8 10 15 12 2
8 1 1 0 11 6 3 4 14 7 9 1 5 13 8 10 15 12 2
8 1 1 4 11 6 3 14 7 13 9 1 5 0 8 10 15 12 2
8 1 1 4 11 0 3 14 7 6 9 1 5 13 8 10 15 12 2
8 1 1 4 11 6 3 14 7 9 0 1 5 13 8 10 15 12 2
8 1 1 4 11 6 3 14 5 7 9 10 1 13 8 15 0 12 2
8 2 0 4 11 6 3 14 5 7 9 10 1 13 8 2 15 12 0
8 1 1 0 11 6 3 4 5 7 9 14 1 13 8 10 15 12 2
8 1 1 4 11 6 3 5 0 7 9 14 1 13 8 10 15 12 2
8 1 1 4 11 0 6 14 5 7 3 1 13 8 9 10 15 12 2
8 1 1 4 11 6 3 14 5 8 7 1 13 0 9 10 15 12 2
8 1 1 4 11 0 3 14 5 6 7 1 13 8 9 10 15 12 2
8 1 1 4 11 6 3 14 0 5 7 1 13 8 9 10 15 12 2
8 1 1 4 11 6 3 14 13 5 9 0 15 7 8 1 10 12 2
8 2 0 4 11 6 3 14 13 5 9 1 15 7 8 2 10 12 0
8 1 1 4 11 6 3 14 13 5 9 1 15 0 8 10 12 7 2
8 1 1 4 11 6 3 14 13 5 9 10 1 7 8 15 0 12 2
8 2 0 4 11 6 3 14 13 5 9 10 1 7 8 2 15 12 0
8 1 1 0 11 6 3 4 13 5 9 14 1 7 8 10 15 12 2
8 1 1 4 11 6 3 13 0 5 9 14 1 7 8 10 15 12 2
8 1 1 4 11 6 3 14 13 5 9 1 7 12 8 10 0 15 2
8 1 1 4 11 0 3 14 13 6 9 1 7 5 8 10 15 12 2
8 1 1 4 11 6 3 14 0 13 9 1 7 5 8 10 15 12 2
8 1 1 4 11 6 3 14 13 9 0 1 7 5 8 10 15 12 2
8 1 1 4 11 6 3 14 13 5 0 1 7 8 9 10 15 12 2
8 1 1 14 4 6 3 1 11 5 9 0 13 7 8 10 15 12 2
8 1 1 14 4 6 3 11 0 5 9 1 13 7 8 10 15 12 2
8 1 1 4 6 3 9 14 11 5 0 1 13 7 8 10 15 12 2
8 1 1 4 11 6 3 1 14 5 9 10 13 7 8 15 0 12 2
8 2 0 4 11 6 3 1 14 5 9 10 13 7 8 2 15 12 0
8 1 1 4 11 6 3 1 14 5 9 13 15 7 8 10 0 12 2
8 1 1 4 11 6 3 1 0 5 9 13 14 7 8 10 15 12 2
8 1 1 4 11 6 3 1 14 5 9 13 7 0 8 10 15 12 2
8 1 1 11 14 6 3 4 0 5 9 1 13 7 8 10 15 12 2
8 1 1 11 6 0 3 4 14 5 9 1 13 7 8 10 15 12 2
8 1 1 4 11 6 3 14 5 9 8 1 13 12 7 10 0 15 2
8 1 1 4 11 0 3 14 5 6 8 1 13 9 7 10 15 12 2
8 1 1 4 11 6 3 14 0 5 8 1 13 9 7 10 15 12 2
8 1 1 4 11 6 3 14 5 8 0 1 13 9 7 10 15 12 2
8 1 1 4 11 6 3 14 5 9 8 1 15 13 7 10 0 12 2
8 1 1 4 11 6 3 14 0 9 8 1 5 13 7 10 15 12 2
8 1 1 4 11 6 3 14 5 9 8 0 1 13 7 10 15 12 2
8 1 1 4 11 9 6 14 5 7 3 1 13 0 8 10 15 12 2
8 1 1 4 11 9 6 14 0 5 3 1 13 7 8 10 15 12 2
8 1 1 4 11 9 6 14 5 3 0 1 13 7 8 10 15 12 2
8 1 1 4 5 11 6 14 0 9 3 1 13 7 8 10 15 12 2
8 1 1 0 4 11 6 14 5 9 3 1 13 7 8 10 15 12 2
8 1 1 4 11 3 9 14 5 6 8 1 13 12 7 10 0 15 2
8 1 1 4 11 0 9 14 5 3 8 1 13 6 7 10 15 12 2
8 1 1 4 11 3 9 14 0 5 8 1 13 6 7 10 15 12 2
8 1 1 4 11 3 9 14 5 8 0 1 13 6 7 10 15 12 2
8 1 1 4 11 3 9 14 5 6 8 1 15 13 7 10 0 12 2
8 1 1 4 11 3 9 14 0 6 8 1 5 13 7 10 15 12 2
8 1 1 4 11 3 9 14 5 6 8 0 1 13 7 10 15 12 2
8 1 1 4 11 3 9 14 5 7 6 1 13 12 8 10 0 15 2
8 1 1 4 11 3 9 14 5 7 6 1 15 13 8 10 0 12 2
8 1 1 4 11 3 9 14 0 7 6 1 5 13 8 10 15 12 2
8 1 1 4 11 3 9 14 5 7 6 0 1 13 8 10 15 12 2
8 1 1 4 11 3 9 14 5 7 0 1 13 8 6 10 15 12 2
8 1 1 4 5 11 9 14 0 3 6 1 13 7 8 10 15 12 2
8 1 1 0 4 11 9 14 5 3 6 1 13 7 8 10 15 12 2
8 1 1 4 11 3 9 14 13 5 6 1 15 7 8 10 0 12 2
8 1 1 4 11 3 9 14 13 5 6 0 1 7 8 10 15 12 2
8 1 1 4 11 3 9 14 13 5 6 1 7 0 8 10 15 12 2
8 1 1 0 4 3 9 14 11 5 6 1 13 7 8 10 15 12 2
8 1 1 4 3 0 9 14 11 5 6 1 13 7 8 10 15 12 2
8 1 1 4 11 3 9 1 14 5 6 0 13 7 8 10 15 12 2
8 1 1 0 11 3 9 4 14 5 6 1 13 7 8 10 15 12 2
8 1 0 4 11 3 6 14 5 7 9 1 13 12 8 10 15 2 0
8 1 0 4 11 3 6 14 5 7 9 1 13 8 2 10 15 12 0
8 1 0 4 11 3 6 14 5 9 8 1 13 7 2 10 15 12 0
8 1 0 4 11 3 10 14 5 6 9 1 13 7 8 15 12 2 0
8 1 0 2 4 11 3 14 5 6 9 1 13 12 7 10 15 8 0
8 1 0 2 4 11 3 14 5 6 9 1 13 8 12 10 15 7 0
8 1 0 3 5 11 9 4 14 6 8 1 13 7 2 10 15 12 0
8 1 0 5 4 11 3 14 13 6 9 1 15 7 8 10 12 2 0
8 1 0 5 4 11 3 14 13 6 9 1 7 12 8 10 15 2 0
8 1 0 5 4 11 3 14 13 6 9 1 7 8 2 10 15 12 0
8 1 0 5 4 11 3 14 6 7 9 1 13 12 8 10 15 2 0
8 1 0 5 4 11 3 14 6 7 9 1 13 8 2 10 15 12 0
8 1 0 5 4 11 3 14 6 9 8 1 13 7 2 10 15 12 0
8 1 0 3 4 11 9 14 5 6 8 1 13 12 7 10 15 2 0
8 1 0 3 4 11 9 14 5 7 6 1 13 12 8 10 15 2 0
8 1 0 3 4 11 9 14 5 7 6 1 13 8 2 10 15 12 0
8 1 0 3 4 6 11 14 5 7 9 1 13 12 8 10 15 2 0
8 1 0 3 4 6 11 14 5 7 9 1 13 8 2 10 15 12 0
8 1 0 3 4 6 11 14 5 9 8 1 13 7 2 10 15 12 0
9 3 1 4 5 11 3 14 13 6 9 1 15 0 8 10 12 2 7
9 3 1 0 5 11 3 14 13 6 9 1 15 7 8 10 12 2 4
9 3 1 4 5 11 3 14 13 6 9 1 7 0 8 10 15 2 12
9 3 1 0 5 11 3 14 13 6 9 1 7 12 8 10 15 2 4
9 3 1 4 5 11 3 14 13 6 9 1 7 0 2 10 15 12 8
9 3 1 0 5 11 3 14 13 6 9 1 7 8 2 10 15 12 4
9 3 1 4 5 11 3 14 6 7 9 1 13 0 8 10 15 2 12
9 3 1 0 5 11 3 14 6 7 9 1 13 12 8 10 15 2 4
9 3 1 4 5 11 3 14 6 7 9 1 13 0 2 10 15 12 8
9 3 1 0 5 11 3 14 6 7 9 1 13 8 2 10 15 12 4
9 3 1 4 5 11 3 14 6 9 8 1 13 0 2 10 15 12 7
9 3 1 0 5 11 3 14 6 9 8 1 13 7 2 10 15 12 4
9 3 1 4 11 6 3 14 5 7 9 1 13 0 8 10 15 2 12
9 3 1 0 11 6 3 14 5 7 9 1 13 12 8 10 15 2 4
9 3 1 4 11 6 3 14 5 7 9 1 13 0 2 10 15 12 8
9 3 1 0 11 6 3 14 5 7 9 1 13 8 2 10 15 12 4
9 3 1 4 11 6 3 14 5 9 8 1 13 0 2 10 15 12 7
9 3 1 0 11 6 3 14 5 9 8 1 13 7 2 10 15 12 4
9 3 1 4 11 3 9 14 5 6 8 1 13 0 2 10 15 12 7
9 3 1 0 11 3 9 14 5 6 8 1 13 7 2 10 15 12 4
9 3 1 4 11 3 10 14 5 6 9 1 0 7 8 13 15 12 2
9 3 1 3 5 11 6 4 14 0 9 1 13 7 8 10 15 12 2
9 3 1 3 5 11 10 4 14 6 9 1 13 7 8 0 15 12 2
9 2 1 2 5 11 3 4 14 6 9 1 13 7 8 0 15 12 10
9 3 1 13 5 11 3 4 0 6 9 14 1 7 8 10 15 12 2
9 3 1 6 4 5 3 14 0 11 9 1 13 7 8 10 15 12 2
9 3 1 4 14 11 3 5 0 6 9 1 13 7 8 10 15 12 2
9 3 1 11 4 6 3 14 0 5 9 1 13 7 8 10 15 12 2
9 3 1 14 11 6 3 4 0 5 9 1 13 7 8 10 15 12 2
9 2 1 3 4 11 9 14 5 6 8 1 13 7 2 0 15 12 10
9 1 1 2 11 3 4 14 5 6 9 1 13 7 0 10 15 12 8
9 1 1 2 11 3 4 14 5 6 9 1 13 7 8 10 15 0 12
9 3 0 2 5 3 4 14 6 11 9 1 13 7 8 10 15 12 0
9 3 0 2 5 11 4 14 6 9 3 1 13 7 8 10 15 12 0
9 3 0 2 11 6 4 14 5 9 3 1 13 7 8 10 15 12 0
9 1 1 4 11 3 10 14 5 6 9 1 13 7 0 2 15 12 8
9 1 1 4 11 3 10 14 5 6 9 1 13 7 8 2 15 0 12
9 2 1 3 5 11 0 14 4 6 9 1 13 7 8 10 15 12 2
9 3 0 2 5 11 3 14 4 6 9 1 13 7 8 10 15 12 0
9 2 1 3 4 11 0 5 14 6 9 1 13 7 8 10 15 12 2
9 3 0 2 4 11 3 5 14 6 9 1 13 7 8 10 15 12 0
9 3 0 2 3 4 11 14 5 6 9 1 13 7 8 10 15 12 0
9 2 1 0 5 3 4 14 13 11 9 1 7 6 8 10 15 12 2
9 2 1 0 5 11 4 14 13 9 3 1 7 6 8 10 15 12 2
9 2 1 0 5 11 4 14 13 6 3 1 7 8 9 10 15 12 2
9 2 1 0 11 3 5 4 14 6 9 1 13 7 8 10 15 12 2
9 2 1 0 5 11 4 14 6 7 3 1 13 8 9 10 15 12 2
9 2 1 0 11 3 14 5 4 6 9 1 13 7 8 10 15 12 2
9 2 1 0 4 3 14 5 6 11 9 1 13 7 8 10 15 12 2
9 2 1 0 4 11 14 5 6 9 3 1 13 7 8 10 15 12 2
9 2 1 0 11 6 4 14 5 7 3 1 13 8 9 10 15 12 2
9 2 1 0 6 3 4 14 11 5 9 1 13 7 8 10 15 12 2
9 2 1 0 11 9 4 14 5 3 6 1 13 7 8 10 15 12 2
9 1 1 4 5 11 3 14 13 6 9 1 15 8 2 10 12 0 7
9 1 1 4 5 11 3 14 13 6 9 10 1 7 0 15 12 2 8
9 1 1 4 5 11 3 14 13 9 8 1 7 6 2 10 15 0 12
9 1 1 4 5 11 3 1 14 6 9 10 13 7 0 15 12 2 8
9 1 1 4 5 11 3 1 14 6 9 13 15 7 0 10 12 2 8
9 1 1 4 5 11 3 1 14 6 9 13 7 12 0 10 15 2 8
9 1 1 4 5 11 3 1 14 6 9 13 7 8 2 10 15 0 12
9 1 1 4 5 11 3 14 6 7 9 1 15 13 0 10 12 2 8
9 1 1 4 5 3 9 14 6 11 8 1 13 7 2 10 15 0 12
9 1 1 4 5 11 3 14 6 9 8 1 13 12 0 10 15 2 7
9 1 1 14 4 11 3 1 5 6 9 10 13 7 0 15 12 2 8
9 1 1 14 4 11 3 1 5 6 9 13 15 7 0 10 12 2 8
9 1 1 14 4 11 3 1 5 6 9 13 7 12 0 10 15 2 8
9 1 1 14 4 11 3 1 5 6 9 13 7 8 2 10 15 0 12
9 1 1 14 4 11 3 5 13 6 9 1 15 7 0 10 12 2 8
9 1 1 14 4 11 3 5 13 6 9 1 7 12 0 10 15 2 8
9 1 1 14 4 11 3 5 13 6 9 1 7 8 2 10 15 0 12
9 1 1 14 4 11 3 5 6 7 9 1 13 12 0 10 15 2 8
9 1 1 14 4 11 3 5 6 7 9 1 13 8 2 10 15 0 12
9 1 1 14 4 11 3 5 6 9 8 1 13 7 2 10 15 0 12
9 1 1 4 11 6 3 14 5 7 9 1 15 13 0 10 12 2 8
9 1 1 4 11 6 3 14 13 5 9 1 15 7 0 10 12 2 8
9 1 1 4 11 6 3 14 13 5 9 1 7 12 0 10 15 2 8
9 1 1 4 11 6 3 14 13 5 9 1 7 8 2 10 15 0 12
9 1 1 4 11 6 3 14 5 9 8 1 13 12 0 10 15 2 7
9 1 1 4 11 3 9 14 5 6 8 1 13 12 0 10 15 2 7
9 1 1 4 11 3 9 14 5 7 6 1 13 12 0 10 15 2 8
9 1 1 4 11 3 9 14 5 7 6 1 13 8 2 10 15 0 12
9 1 1 2 4 11 3 14 5 6 9 1 13 12 8 10 15 0 7
9 1 1 2 4 11 3 14 5 0 9 1 13 6 8 10 15 12 7
9 1 1 2 4 11 3 14 5 6 9 1 0 13 8 10 15 12 7
9 1 1 2 4 11 3 14 5 6 9 1 13 8 0 10 15 12 7
9 1 1 5 11 3 4 14 13 6 9 1 0 7 8 10 15 12 2
9 1 1 5 0 3 4 14 11 6 9 1 13 7 8 10 15 12 2
9 1 1 5 11 3 4 0 14 6 9 1 13 7 8 10 15 12 2
9 1 1 5 11 3 4 14 6 0 9 1 13 7 8 10 15 12 2
9 1 1 4 5 11 3 14 13 6 9 1 10 7 8 15 0 12 2
9 1 1 4 5 11 3 14 0 6 9 1 13 7 8 15 10 12 2
9 1 1 4 5 11 3 14 13 6 9 0 1 7 8 15 10 12 2
9 1 1 4 5 11 3 14 13 6 9 1 7 0 8 15 10 12 2
9 1 1 4 5 11 9 14 13 6 0 1 15 7 8 3 10 12 2
9 1 1 4 5 0 11 14 13 6 9 1 15 7 8 3 10 12 2
9 1 1 4 5 11 3 14 13 6 9 10 15 7 8 1 0 12 2
9 1 1 4 5 11 3 14 0 6 9 10 13 7 8 1 15 12 2
9 1 1 4 5 11 3 14 13 6 9 0 10 7 8 1 15 12 2
9 1 1 4 5 11 3 14 13 6 9 10 7 0 8 1 15 12 2
9 1 1 4 5 11 9 14 13 6 0 10 1 7 8 3 15 12 2
9 1 1 4 5 0 11 14 13 6 9 10 1 7 8 3 15 12 2
9 1 1 4 5 11 3 1 14 6 9 10 15 7 8 13 0 12 2
9 1 1 4 5 11 3 1 0 6 9 10 14 7 8 13 15 12 2
9 1 1 4 5 11 3 1 14 6 9 0 10 7 8 13 15 12 2
9 1 1 4 5 11 3 1 14 6 9 10 7 0 8 13 15 12 2
9 1 1 4 5 11 9 1 14 6 0 10 13 7 8 3 15 12 2
9 1 1 4 5 0 11 1 14 6 9 10 13 7 8 3 15 12 2
9 1 1 4 5 3 11 14 6 7 9 1 13 0 8 10 15 12 2
9 1 1 4 5 0 11 14 6 3 9 1 13 7 8 10 15 12 2
9 1 1 4 5 3 11 14 0 6 9 1 13 7 8 10 15 12 2
9 1 1 4 5 3 11 14 6 9 0 1 13 7 8 10 15 12 2
9 1 1 4 5 3 10 14 6 11 9 0 13 7 8 1 15 12 2
9 1 1 4 5 3 10 14 6 11 9 1 13 7 8 15 0 12 2
9 2 0 4 5 3 10 14 6 11 9 1 13 7 8 2 15 12 0
9 1 1 4 5 11 9 14 6 7 3 1 13 0 8 10 15 12 2
9 1 1 4 5 0 9 14 6 11 3 1 13 7 8 10 15 12 2
9 1 1 4 5 11 9 14 0 6 3 1 13 7 8 10 15 12 2
9 1 1 4 5 11 9 14 6 3 0 1 13 7 8 10 15 12 2
9 1 1 4 5 11 10 14 6 9 3 0 13 7 8 1 15 12 2
9 1 1 4 5 11 10 14 6 9 3 1 13 7 8 15 0 12 2
9 2 0 4 5 11 10 14 6 9 3 1 13 7 8 2 15 12 0
9 1 1 14 4 11 3 1 5 6 9 10 15 7 8 13 0 12 2
9 1 1 14 4 11 3 1 0 6 9 10 5 7 8 13 15 12 2
9 1 1 14 4 11 3 1 5 6 9 0 10 7 8 13 15 12 2
9 1 1 14 4 11 3 1 5 6 9 10 7 0 8 13 15 12 2
9 1 1 14 4 11 9 1 5 6 0 10 13 7 8 3 15 12 2
9 1 1 14 4 0 11 1 5 6 9 10 13 7 8 3 15 12 2
9 1 1 4 11 6 9 14 5 7 3 1 13 0 8 10 15 12 2
9 1 1 4 11 0 9 14 5 6 3 1 13 7 8 10 15 12 2
9 1 1 4 11 6 9 14 0 5 3 1 13 7 8 10 15 12 2
9 1 1 4 11 6 9 14 5 3 0 1 13 7 8 10 15 12 2
9 1 1 4 11 6 10 14 5 9 3 0 13 7 8 1 15 12 2
9 1 1 4 11 6 10 14 5 9 3 1 13 7 8 15 0 12 2
9 2 0 4 11 6 10 14 5 9 3 1 13 7 8 2 15 12 0
9 1 1 4 5 11 3 14 13 6 9 0 15 7 8 1 12 2 10
9 1 1 4 5 11 3 14 13 6 9 1 15 7 8 12 0 2 10
9 1 1 4 5 11 3 14 13 6 9 0 7 12 8 1 15 2 10
9 1 1 4 5 11 3 14 13 6 9 1 7 12 8 15 0 2 10
9 1 1 4 5 11 3 14 13 6 9 0 7 8 2 1 15 12 10
9 1 1 4 5 11 3 14 13 6 9 1 7 8 2 15 0 12 10
9 1 1 4 5 11 3 14 6 7 9 0 13 12 8 1 15 2 10
9 1 1 4 5 11 3 14 6 7 9 1 13 12 8 15 0 2 10
9 1 1 4 5 11 3 14 6 7 9 0 13 8 2 1 15 12 10
9 1 1 4 5 11 3 14 6 7 9 1 13 8 2 15 0 12 10
9 1 1 4 5 11 3 14 6 9 8 0 13 7 2 1 15 12 10
9 1 1 4 5 11 3 14 6 9 8 1 13 7 2 15 0 12 10
9 1 1 4 11 6 3 14 5 7 9 0 13 12 8 1 15 2 10
9 1 1 4 11 6 3 14 5 7 9 1 13 12 8 15 0 2 10
9 1 1 4 11 6 3 14 5 7 9 0 13 8 2 1 15 12 10
9 1 1 4 11 6 3 14 5 7 9 1 13 8 2 15 0 12 10
9 1 1 4 11 6 3 14 5 9 8 0 13 7 2 1 15 12 10
9 1 1 4 11 6 3 14 5 9 8 1 13 7 2 15 0 12 10
9 1 1 4 11 3 9 14 5 6 8 0 13 7 2 1 15 12 10
9 1 1 4 11 3 9 14 5 6 8 1 13 7 2 15 0 12 10
9 1 1 2 5 11 3 4 14 6 0 1 13 7 9 10 15 12 8
9 1 1 2 5 11 3 4 14 6 9 1 13 0 7 10 15 12 8
9 1 1 2 5 11 3 4 14 6 9 1 13 0 8 10 15 7 12
9 1 1 2 5 11 3 4 14 6 9 1 13 7 8 10 0 15 12
9 1 1 4 5 11 3 14 13 6 0 1 15 7 9 2 10 12 8
9 1 1 4 5 11 3 14 13 6 9 1 15 0 7 2 10 12 8
9 1 1 4 5 11 3 14 13 6 9 1 15 0 8 2 10 7 12
9 1 1 4 5 11 3 14 13 6 9 1 15 7 8 2 0 10 12
9 1 1 4 5 11 3 14 13 6 0 10 1 7 9 2 15 12 8
9 1 1 4 5 11 3 14 13 6 9 10 1 0 7 2 15 12 8
9 1 1 4 5 11 3 14 13 6 9 10 1 0 8 2 15 7 12
9 1 1 4 5 11 3 14 13 6 9 10 1 7 8 2 0 15 12
9 1 1 3 5 11 9 4 13 6 0 14 1 7 8 10 15 12 2
9 1 1 3 5 0 11 4 13 6 9 14 1 7 8 10 15 12 2
9 1 1 4 5 11 3 1 14 6 0 10 13 7 9 2 15 12 8
9 1 1 4 5 11 3 1 14 6 9 10 13 0 7 2 15 12 8
9 1 1 4 5 11 3 1 14 6 9 10 13 0 8 2 15 7 12
9 1 1 4 5 11 3 1 14 6 9 10 13 7 8 2 0 15 12
9 1 1 3 4 5 9 14 6 11 0 1 13 7 8 10 15 12 2
9 1 1 3 4 0 5 14 6 11 9 1 13 7 8 10 15 12 2
9 1 1 14 4 11 3 1 5 6 0 10 13 7 9 2 15 12 8
9 1 1 14 4 11 3 1 5 6 9 10 13 0 7 2 15 12 8
9 1 1 14 4 11 3 1 5 6 9 10 13 0 8 2 15 7 12
9 1 1 14 4 11 3 1 5 6 9 10 13 7 8 2 0 15 12
9 1 1 3 14 11 9 5 4 6 0 1 13 7 8 10 15 12 2
9 1 1 3 14 0 11 5 4 6 9 1 13 7 8 10 15 12 2
9 1 1 3 4 6 9 14 11 5 0 1 13 7 8 10 15 12 2
9 1 1 3 4 0 6 14 11 5 9 1 13 7 8 10 15 12 2
9 1 1 3 11 6 9 4 14 5 0 1 13 7 8 10 15 12 2
9 1 1 3 11 0 6 4 14 5 9 1 13 7 8 10 15 12 2
9 1 1 3 4 11 9 14 5 6 8 1 13 0 2 10 15 7 12
9 1 1 3 4 11 9 14 5 6 8 1 13 7 2 10 0 15 12
9 1 1 3 4 11 6 14 5 7 9 1 13 12 8 10 15 0 2
9 1 1 3 4 11 6 14 5 7 9 1 0 13 8 10 15 12 2
9 1 1 3 4 11 6 14 5 7 9 1 13 8 0 10 15 12 2
9 1 1 3 0 4 6 14 5 11 9 1 13 7 8 10 15 12 2
9 1 1 3 4 6 0 14 5 11 9 1 13 7 8 10 15 12 2
9 1 1 3 4 11 6 14 13 5 9 1 0 7 8 10 15 12 2
9 1 1 3 0 11 6 14 4 5 9 1 13 7 8 10 15 12 2
9 1 1 3 4 11 6 0 14 5 9 1 13 7 8 10 15 12 2
9 1 1 3 4 11 6 14 5 9 8 1 13 7 0 10 15 12 2
9 1 1 3 4 11 0 14 5 9 6 1 13 7 8 10 15 12 2
9 1 1 3 4 11 10 0 5 6 9 14 13 7 8 1 15 12 2
9 1 1 3 4 11 10 14 5 6 9 13 0 7 8 1 15 12 2
9 1 1 3 4 11 10 14 5 6 9 1 0 7 8 15 13 12 2
9 1 1 3 4 11 10 14 5 6 9 1 13 7 8 15 12 0 2
9 1 1 2 4 11 3 0 5 6 9 14 13 7 8 1 15 12 10
9 1 1 2 4 11 3 14 5 6 9 13 0 7 8 1 15 12 10
9 1 1 2 4 11 3 14 5 6 9 1 0 7 8 15 13 12 10
9 1 1 2 4 11 3 14 5 6 9 1 13 7 8 15 12 0 10
9 1 1 14 5 11 3 4 13 6 9 1 15 7 8 10 0 12 2
9 1 1 14 5 11 3 4 13 6 9 0 1 7 8 10 15 12 2
9 1 1 14 5 11 3 4 13 6 9 1 7 0 8 10 15 12 2
9 1 1 0 14 11 3 4 5 6 9 1 13 7 8 10 15 12 2
9 1 1 14 11 0 3 4 5 6 9 1 13 7 8 10 15 12 2
9 1 1 14 5 11 3 1 4 6 9 0 13 7 8 10 15 12 2
9 1 1 14 5 11 3 4 6 7 9 1 13 0 8 10 15 12 2
9 1 1 14 5 0 3 4 6 11 9 1 13 7 8 10 15 12 2
9 1 1 14 5 11 3 4 6 9 0 1 13 7 8 10 15 12 2
9 1 1 14 5 3 4 1 6 11 9 0 13 7 8 10 15 12 2
9 1 1 14 5 3 4 6 0 11 9 1 13 7 8 10 15 12 2
9 1 1 5 6 3 4 14 0 11 9 1 13 7 8 10 15 12 2
9 1 1 5 3 0 4 14 6 11 9 1 13 7 8 10 15 12 2
9 1 1 14 5 11 4 1 6 9 3 0 13 7 8 10 15 12 2
9 1 1 14 5 11 4 6 0 9 3 1 13 7 8 10 15 12 2
9 1 1 5 6 11 4 14 0 9 3 1 13 7 8 10 15 12 2
9 1 1 5 11 0 4 14 6 9 3 1 13 7 8 10 15 12 2
9 1 1 14 11 6 4 1 5 9 3 0 13 7 8 10 15 12 2
9 1 1 14 11 6 4 5 0 9 3 1 13 7 8 10 15 12 2
9 1 1 11 5 6 4 14 0 9 3 1 13 7 8 10 15 12 2
9 1 1 11 6 0 4 14 5 9 3 1 13 7 8 10 15 12 2
9 1 1 4 5 11 0 14 13 6 3 1 15 7 9 10 12 2 8
9 1 1 4 5 11 3 14 13 0 6 1 15 7 9 10 12 2 8
9 1 1 4 5 11 3 14 13 6 9 1 15 2 7 10 12 0 8
9 1 1 4 5 11 3 14 13 0 9 1 15 6 7 10 12 2 8
9 1 1 4 5 11 3 14 13 6 9 1 0 15 7 10 12 2 8
9 1 1 4 5 11 0 14 13 6 3 1 7 12 9 10 15 2 8
9 1 1 4 5 11 3 14 13 0 6 1 7 12 9 10 15 2 8
9 1 1 4 5 11 3 14 13 6 9 1 7 2 12 10 15 0 8
9 1 1 4 5 11 3 14 13 0 9 1 7 6 12 10 15 2 8
9 1 1 4 5 11 3 14 13 6 9 1 0 7 12 10 15 2 8
9 1 1 4 5 11 3 14 13 0 9 1 7 6 2 10 15 8 12
9 1 1 4 5 11 3 14 13 6 9 1 0 7 2 10 15 8 12
9 1 1 4 5 11 3 14 13 6 9 1 7 2 0 10 15 8 12
9 1 1 4 5 11 3 14 13 6 9 1 0 8 2 10 7 15 12
9 1 1 4 5 11 3 14 13 6 9 1 7 8 2 0 10 15 12
9 1 1 4 5 11 0 14 6 7 3 1 13 12 9 10 15 2 8
9 1 1 4 5 11 3 14 6 0 7 1 13 12 9 10 15 2 8
9 1 1 4 5 11 3 14 6 7 9 1 13 2 12 10 15 0 8
9 1 1 4 5 11 3 14 6 0 9 1 13 7 12 10 15 2 8
9 1 1 4 5 11 3 14 6 7 9 1 0 13 12 10 15 2 8
9 1 1 4 5 11 3 14 6 0 9 1 13 7 2 10 15 8 12
9 1 1 4 5 11 3 14 6 7 9 1 0 13 2 10 15 8 12
9 1 1 4 5 11 3 14 6 7 9 1 13 2 0 10 15 8 12
9 1 1 4 5 11 3 14 6 7 9 1 0 8 2 10 13 15 12
9 1 1 4 5 11 3 14 6 7 9 1 13 8 2 0 10 15 12
9 1 1 4 5 11 3 14 6 0 8 1 13 9 2 10 15 7 12
9 1 1 4 5 11 3 14 6 9 8 1 0 13 2 10 15 7 12
9 1 1 4 5 11 3 14 6 9 8 1 13 2 0 10 15 7 12
9 1 1 4 5 11 3 14 6 9 8 1 0 7 2 10 13 15 12
9 1 1 4 5 11 3 14 6 9 8 1 13 7 2 0 10 15 12
9 1 1 4 11 6 0 14 5 7 3 1 13 12 9 10 15 2 8
9 1 1 4 11 6 3 14 5 0 7 1 13 12 9 10 15 2 8
9 1 1 4 11 6 3 14 5 7 9 1 13 2 12 10 15 0 8
9 1 1 4 11 6 3 14 5 0 9 1 13 7 12 10 15 2 8
9 1 1 4 11 6 3 14 5 7 9 1 0 13 12 10 15 2 8
9 1 1 4 11 6 3 14 5 0 9 1 13 7 2 10 15 8 12
9 1 1 4 11 6 3 14 5 7 9 1 0 13 2 10 15 8 12
9 1 1 4 11 6 3 14 5 7 9 1 13 2 0 10 15 8 12
9 1 1 4 11 6 3 14 5 7 9 1 0 8 2 10 13 15 12
9 1 1 4 11 6 3 14 5 7 9 1 13 8 2 0 10 15 12
9 1 1 4 11 6 3 14 5 0 8 1 13 9 2 10 15 7 12
9 1 1 4 11 6 3 14 5 9 8 1 0 13 2 10 15 7 12
9 1 1 4 11 6 3 14 5 9 8 1 13 2 0 10 15 7 12
9 1 1 4 11 6 3 14 5 9 8 1 0 7 2 10 13 15 12
9 1 1 4 11 6 3 14 5 9 8 1 13 7 2 0 10 15 12
9 1 1 4 11 3 9 14 5 0 8 1 13 6 2 10 15 7 12
9 1 1 4 11 3 9 14 5 6 8 1 0 13 2 10 15 7 12
9 1 1 4 11 3 9 14 5 6 8 1 13 2 0 10 15 7 12
9 1 1 4 11 3 9 14 5 6 8 1 0 7 2 10 13 15 12
9 1 1 4 11 3 9 14 5 6 8 1 13 7 2 0 10 15 12
9 1 1 4 11 3 6 14 5 7 9 1 13 12 8 10 0 15 2
9 1 1 4 11 3 6 14 5 7 9 1 15 13 8 10 0 12 2
9 1 1 4 11 3 6 14 0 7 9 1 5 13 8 10 15 12 2
9 1 1 4 11 3 6 14 5 7 9 0 1 13 8 10 15 12 2
9 1 1 4 11 3 6 14 5 7 0 1 13 8 9 10 15 12 2
9 1 1 4 5 11 6 14 0 3 9 1 13 7 8 10 15 12 2
9 1 1 0 4 11 6 14 5 3 9 1 13 7 8 10 15 12 2
9 1 1 4 11 3 6 14 13 5 9 1 15 7 8 10 0 12 2
9 1 1 4 11 3 6 14 13 5 9 0 1 7 8 10 15 12 2
9 1 1 4 11 3 6 14 13 5 9 1 7 0 8 10 15 12 2
9 1 1 0 4 3 6 14 11 5 9 1 13 7 8 10 15 12 2
9 1 1 4 3 0 6 14 11 5 9 1 13 7 8 10 15 12 2
9 1 1 4 11 3 6 1 14 5 9 0 13 7 8 10 15 12 2
9 1 1 0 11 3 6 4 14 5 9 1 13 7 8 10 15 12 2
9 1 1 4 11 3 6 14 5 9 8 1 13 0 7 10 15 12 2
9 1 1 4 11 0 3 14 5 9 6 1 13 7 8 10 15 12 2
9 1 1 0 11 3 10 4 5 6 9 14 13 7 8 1 15 12 2
9 1 1 4 11 3 10 5 0 6 9 14 13 7 8 1 15 12 2
9 1 1 4 11 3 10 14 5 6 9 13 15 7 8 1 0 12 2
9 1 1 4 11 3 10 14 0 6 9 13 5 7 8 1 15 12 2
9 1 1 4 11 3 10 14 5 6 9 13 7 0 8 1 15 12 2
9 1 1 4 11 3 10 14 0 6 9 1 5 7 8 15 13 12 2
9 1 1 4 11 3 10 14 5 6 9 0 1 7 8 15 13 12 2
9 1 1 4 11 3 10 14 5 6 9 1 7 0 8 15 13 12 2
9 1 1 4 11 3 10 14 5 6 9 1 13 0 8 15 12 7 2
9 1 1 2 4 0 11 14 5 6 3 1 13 7 9 10 15 12 8
9 1 1 2 4 11 3 14 5 7 6 1 13 0 9 10 15 12 8
9 1 1 2 4 0 3 14 5 11 6 1 13 7 9 10 15 12 8
9 1 1 2 4 11 3 14 0 5 6 1 13 7 9 10 15 12 8
9 1 1 2 4 11 3 14 5 6 9 1 13 12 7 10 0 15 8
9 1 1 2 4 0 3 14 5 11 9 1 13 6 7 10 15 12 8
9 1 1 2 4 11 3 14 0 5 9 1 13 6 7 10 15 12 8
9 1 1 2 4 11 3 14 5 9 0 1 13 6 7 10 15 12 8
9 1 1 2 4 11 3 14 5 6 9 1 15 13 7 10 0 12 8
9 1 1 2 4 11 3 14 0 6 9 1 5 13 7 10 15 12 8
9 1 1 2 4 11 3 14 5 6 9 0 1 13 7 10 15 12 8
9 1 1 2 4 0 3 14 5 11 9 1 13 6 8 10 15 7 12
9 1 1 2 4 11 3 14 0 5 9 1 13 6 8 10 15 7 12
9 1 1 2 4 11 3 14 5 9 0 1 13 6 8 10 15 7 12
9 1 1 2 4 11 3 14 5 6 9 1 15 13 8 10 0 7 12
9 1 1 2 4 11 3 14 0 6 9 1 5 13 8 10 15 7 12
9 1 1 2 4 11 3 14 5 6 9 0 1 13 8 10 15 7 12
9 1 1 2 4 11 3 14 5 6 0 1 13 8 9 10 15 7 12
9 1 1 2 4 11 3 14 0 6 9 1 5 7 8 10 13 15 12
9 1 1 2 4 11 3 14 5 6 9 0 1 7 8 10 13 15 12
9 1 1 2 4 11 3 14 5 6 9 1 7 0 8 10 13 15 12
9 1 1 2 4 11 3 14 5 6 9 0 13 7 8 1 10 15 12
9 2 0 2 4 11 3 14 5 6 9 1 13 7 8 12 10 15 0
9 1 1 3 5 11 9 4 14 6 8 1 13 0 7 10 15 12 2
9 1 1 3 5 11 9 4 14 7 6 1 13 0 8 10 15 12 2
9 1 1 3 5 0 9 4 14 11 6 1 13 7 8 10 15 12 2
9 1 1 3 5 11 9 4 0 14 6 1 13 7 8 10 15 12 2
9 1 1 3 5 6 11 4 14 7 9 1 13 0 8 10 15 12 2
9 1 1 3 5 6 11 4 0 14 9 1 13 7 8 10 15 12 2
9 1 1 3 5 6 11 4 14 9 0 1 13 7 8 10 15 12 2
9 1 1 3 14 5 11 4 0 6 9 1 13 7 8 10 15 12 2
9 1 1 0 3 5 11 4 14 6 9 1 13 7 8 10 15 12 2
9 1 1 5 4 11 3 14 13 6 9 0 15 7 8 1 10 12 2
9 2 0 5 4 11 3 14 13 6 9 1 15 7 8 2 10 12 0
9 1 1 5 4 11 3 14 13 6 9 1 15 0 8 10 12 7 2
9 1 1 5 4 11 3 14 13 6 9 10 1 7 8 15 0 12 2
9 2 0 5 4 11 3 14 13 6 9 10 1 7 8 2 15 12 0
9 1 1 0 4 11 3 5 13 6 9 14 1 7 8 10 15 12 2
9 1 1 5 4 11 3 13 0 6 9 14 1 7 8 10 15 12 2
9 1 1 5 4 11 3 14 13 6 9 1 7 12 8 10 0 15 2
9 1 1 5 4 0 3 14 13 11 9 1 7 6 8 10 15 12 2
9 1 1 5 4 11 3 14 0 13 9 1 7 6 8 10 15 12 2
9 1 1 5 4 11 3 14 13 9 0 1 7 6 8 10 15 12 2
9 1 1 5 4 11 3 14 13 6 0 1 7 8 9 10 15 12 2
9 1 1 5 11 6 3 14 4 7 9 1 13 0 8 10 15 12 2
9 1 1 5 11 6 3 14 0 4 9 1 13 7 8 10 15 12 2
9 1 1 5 11 6 3 14 4 9 0 1 13 7 8 10 15 12 2
9 1 1 5 11 3 9 14 4 6 0 1 13 7 8 10 15 12 2
9 1 1 5 4 11 3 1 14 6 9 10 13 7 8 15 0 12 2
9 2 0 5 4 11 3 1 14 6 9 10 13 7 8 2 15 12 0
9 1 1 5 4 11 3 1 14 6 9 13 15 7 8 10 0 12 2
9 1 1 5 4 11 3 1 0 6 9 13 14 7 8 10 15 12 2
9 1 1 5 4 11 3 1 14 6 9 13 7 0 8 10 15 12 2
9 1 1 4 11 0 3 5 14 6 9 1 13 7 8 10 15 12 2
9 1 1 5 4 11 3 14 6 7 9 1 13 12 8 10 0 15 2
9 1 1 5 4 11 3 14 6 7 9 1 15 13 8 10 0 12 2
9 1 1 5 4 11 3 14 0 7 9 1 6 13 8 10 15 12 2
9 1 1 5 4 11 3 14 6 7 9 0 1 13 8 10 15 12 2
9 1 1 5 4 11 3 14 6 7 0 1 13 8 9 10 15 12 2
9 1 1 5 6 4 3 14 0 11 9 1 13 7 8 10 15 12 2
9 1 1 0 5 4 3 14 6 11 9 1 13 7 8 10 15 12 2
9 1 1 5 4 3 9 14 6 11 0 1 13 7 8 10 15 12 2
9 1 1 5 4 11 3 14 6 9 8 1 13 0 7 10 15 12 2
9 1 1 5 4 0 11 14 6 9 3 1 13 7 8 10 15 12 2
9 1 1 14 11 3 4 1 5 6 9 10 13 7 8 15 0 12 2
9 2 0 14 11 3 4 1 5 6 9 10 13 7 8 2 15 12 0
9 1 1 14 11 3 4 1 5 6 9 13 15 7 8 10 0 12 2
9 1 1 14 11 3 4 1 0 6 9 13 5 7 8 10 15 12 2
9 1 1 14 11 3 4 1 5 6 9 13 7 0 8 10 15 12 2
9 1 1 14 11 3 4 5 13 6 9 1 15 7 8 10 0 12 2
9 1 1 14 11 3 4 5 13 6 9 0 1 7 8 10 15 12 2
9 1 1 14 11 3 4 5 13 6 9 1 7 0 8 10 15 12 2
9 1 1 0 14 3 4 5 11 6 9 1 13 7 8 10 15 12 2
9 1 1 14 3 0 4 5 11 6 9 1 13 7 8 10 15 12 2
9 1 1 14 11 3 4 5 6 7 9 1 13 0 8 10 15 12 2
9 1 1 14 11 0 4 5 6 3 9 1 13 7 8 10 15 12 2
9 1 1 14 11 3 4 5 6 9 0 1 13 7 8 10 15 12 2
9 1 1 11 5 3 4 14 13 6 9 1 15 7 8 10 0 12 2
9 1 1 11 5 3 4 14 13 6 9 0 1 7 8 10 15 12 2
9 1 1 11 5 3 4 14 13 6 9 1 7 0 8 10 15 12 2
9 1 1 11 5 3 4 1 14 6 9 0 13 7 8 10 15 12 2
9 1 1 0 5 3 4 11 14 6 9 1 13 7 8 10 15 12 2
9 1 1 11 5 3 4 14 6 7 9 1 13 0 8 10 15 12 2
9 1 1 11 5 0 4 14 6 3 9 1 13 7 8 10 15 12 2
9 1 1 11 5 3 4 14 6 9 0 1 13 7 8 10 15 12 2
9 1 1 11 3 6 4 14 5 7 9 1 13 0 8 10 15 12 2
9 1 1 11 3 6 4 14 0 5 9 1 13 7 8 10 15 12 2
9 1 1 11 3 6 4 14 5 9 0 1 13 7 8 10 15 12 2
9 1 1 11 3 4 9 14 5 6 0 1 13 7 8 10 15 12 2
9 1 1 3 4 11 9 14 5 6 8 1 13 12 7 10 0 15 2
9 1 1 3 4 0 9 14 5 11 8 1 13 6 7 10 15 12 2
9 1 1 3 4 11 9 14 0 5 8 1 13 6 7 10 15 12 2
9 1 1 3 4 11 9 14 5 8 0 1 13 6 7 10 15 12 2
9 1 1 3 4 11 9 14 5 6 8 1 15 13 7 10 0 12 2
9 1 1 3 4 11 9 14 0 6 8 1 5 13 7 10 15 12 2
9 1 1 3 4 11 9 14 5 6 8 0 1 13 7 10 15 12 2
9 1 1 3 4 11 9 14 5 7 6 1 13 12 8 10 0 15 2
9 1 1 3 4 11 9 14 5 7 6 1 15 13 8 10 0 12 2
9 1 1 3 4 11 9 14 0 7 6 1 5 13 8 10 15 12 2
9 1 1 3 4 11 9 14 5 7 6 0 1 13 8 10 15 12 2
9 1 1 3 4 11 9 14 5 7 0 1 13 8 6 10 15 12 2
9 1 1 3 5 4 9 14 0 11 6 1 13 7 8 10 15 12 2
9 1 1 0 3 4 9 14 5 11 6 1 13 7 8 10 15 12 2
9 1 1 3 4 9 6 14 5 11 0 1 13 7 8 10 15 12 2
9 1 1 3 4 11 9 14 13 5 6 1 15 7 8 10 0 12 2
9 1 1 3 4 11 9 14 13 5 6 0 1 7 8 10 15 12 2
9 1 1 3 4 11 9 14 13 5 6 1 7 0 8 10 15 12 2
9 1 1 0 3 11 9 14 4 5 6 1 13 7 8 10 15 12 2
9 1 1 3 11 0 9 14 4 5 6 1 13 7 8 10 15 12 2
9 1 1 3 4 11 9 1 14 5 6 0 13 7 8 10 15 12 2
9 1 1 0 4 11 9 3 14 5 6 1 13 7 8 10 15 12 2
9 1 1 3 4 6 11 14 5 7 9 1 13 12 8 10 0 15 2
9 1 1 3 4 6 11 14 5 7 9 1 15 13 8 10 0 12 2
9 1 1 3 4 6 11 14 0 7 9 1 5 13 8 10 15 12 2
9 1 1 3 4 6 11 14 5 7 9 0 1 13 8 10 15 12 2
9 1 1 3 4 6 11 14 5 7 0 1 13 8 9 10 15 12 2
9 1 1 3 4 6 11 14 13 5 9 1 15 7 8 10 0 12 2
9 1 1 3 4 6 11 14 13 5 9 0 1 7 8 10 15 12 2
9 1 1 3 4 6 11 14 13 5 9 1 7 0 8 10 15 12 2
9 1 1 0 3 6 11 14 4 5 9 1 13 7 8 10 15 12 2
9 1 1 3 6 0 11 14 4 5 9 1 13 7 8 10 15 12 2
9 1 1 3 4 6 11 1 14 5 9 0 13 7 8 10 15 12 2
9 1 1 0 4 6 11 3 14 5 9 1 13 7 8 10 15 12 2
9 1 1 3 4 6 11 14 5 9 8 1 13 0 7 10 15 12 2
9 1 1 3 4 0 6 14 5 9 11 1 13 7 8 10 15 12 2
9 1 1 3 5 4 11 14 13 6 9 1 15 7 8 10 0 12 2
9 1 1 3 5 4 11 14 13 6 9 0 1 7 8 10 15 12 2
9 1 1 3 5 4 11 14 13 6 9 1 7 0 8 10 15 12 2
9 1 1 3 5 4 11 1 14 6 9 0 13 7 8 10 15 12 2
9 1 1 0 5 4 11 3 14 6 9 1 13 7 8 10 15 12 2
9 1 1 3 5 4 11 14 6 7 9 1 13 0 8 10 15 12 2
9 1 1 3 5 0 11 14 6 4 9 1 13 7 8 10 15 12 2
9 1 1 3 5 4 11 14 6 9 0 1 13 7 8 10 15 12 2
9 1 1 14 3 4 11 1 5 6 9 0 13 7 8 10 15 12 2
9 1 1 14 3 4 11 5 0 6 9 1 13 7 8 10 15 12 2
9 1 1 5 0 11 3 4 13 6 9 14 15 7 8 1 10 12 2
9 1 1 4 5 11 3 13 15 6 9 14 0 7 8 1 10 12 2
9 1 1 4 0 11 3 13 5 6 9 14 15 7 8 1 10 12 2
9 1 1 4 5 11 3 13 6 0 9 14 15 7 8 1 10 12 2
9 1 1 4 5 11 3 14 13 6 9 15 10 7 8 0 1 12 2
9 1 1 4 5 11 3 14 13 6 9 15 10 7 8 1 12 0 2
9 1 1 4 0 11 3 14 5 6 9 15 13 7 8 1 10 12 2
9 1 1 4 5 11 3 0 14 6 9 15 13 7 8 1 10 12 2
9 1 1 4 5 11 3 14 6 0 9 15 13 7 8 1 10 12 2
9 1 1 4 5 11 3 14 13 6 9 15 7 12 8 1 10 0 2
9 1 1 4 5 11 3 14 13 0 9 15 7 6 8 1 10 12 2
9 1 1 4 5 11 3 14 13 6 9 15 7 8 0 1 10 12 2
9 1 1 4 0 5 3 14 13 11 9 1 15 6 8 10 12 7 2
9 1 1 4 5 3 0 14 13 11 9 1 15 6 8 10 12 7 2
9 1 1 4 5 11 3 14 15 13 9 1 0 6 8 10 12 7 2
9 1 1 4 0 11 3 14 5 13 9 1 15 6 8 10 12 7 2
9 1 1 4 5 11 3 0 14 13 9 1 15 6 8 10 12 7 2
9 1 1 4 5 11 3 14 13 9 8 1 15 6 0 10 12 7 2
9 1 1 4 5 11 0 14 13 9 3 1 15 6 8 10 12 7 2
9 1 1 4 5 11 3 14 13 6 9 1 12 15 8 0 10 7 2
9 1 1 4 5 11 3 14 13 6 9 1 12 15 8 10 7 0 2
9 1 1 4 0 11 3 14 5 6 9 1 13 15 8 10 12 7 2
9 1 1 4 5 11 3 0 14 6 9 1 13 15 8 10 12 7 2
9 1 1 4 5 11 3 14 6 0 9 1 13 15 8 10 12 7 2
9 1 1 4 5 11 3 14 13 6 9 10 1 15 8 0 12 7 2
9 1 1 4 5 11 3 0 13 6 9 14 1 15 8 10 12 7 2
9 1 1 4 5 11 0 14 13 6 3 1 15 8 9 10 12 7 2
9 1 1 4 5 11 3 14 13 0 6 1 15 8 9 10 12 7 2
9 1 1 4 0 11 3 14 5 6 9 10 13 7 8 15 1 12 2
9 1 1 4 5 11 3 0 14 6 9 10 13 7 8 15 1 12 2
9 1 1 4 5 11 3 14 6 0 9 10 13 7 8 15 1 12 2
9 1 1 4 5 11 3 0 13 6 9 14 10 7 8 15 1 12 2
9 1 1 4 5 11 3 14 13 6 9 10 7 12 8 15 1 0 2
9 1 1 4 5 11 3 14 13 0 9 10 7 6 8 15 1 12 2
9 1 1 4 5 11 3 14 13 6 9 10 7 8 0 15 1 12 2
9 1 1 4 5 11 3 14 13 0 9 10 1 6 8 15 12 7 2
9 1 1 4 5 11 3 14 13 6 9 10 0 1 8 15 12 7 2
9 1 1 4 5 11 3 14 13 6 9 10 1 8 0 15 12 7 2
9 1 1 5 13 11 3 4 1 6 9 14 0 7 8 10 15 12 2
9 1 1 5 13 11 3 0 4 6 9 14 1 7 8 10 15 12 2
9 1 1 5 13 11 3 4 6 0 9 14 1 7 8 10 15 12 2
9 1 1 5 11 6 3 4 13 0 9 14 1 7 8 10 15 12 2
9 1 1 5 11 3 0 4 13 6 9 14 1 7 8 10 15 12 2
9 1 1 4 5 11 3 13 1 6 9 14 15 7 8 0 10 12 2
9 1 1 4 5 11 3 13 1 6 9 14 15 7 8 10 12 0 2
9 1 1 4 5 11 3 13 1 6 9 10 14 7 8 0 15 12 2
9 1 1 4 5 11 3 13 1 6 9 14 7 12 8 10 15 0 2
9 1 1 4 5 11 3 13 1 0 9 14 7 6 8 10 15 12 2
9 1 1 4 5 11 3 13 1 6 9 14 7 8 0 10 15 12 2
9 1 1 13 4 11 3 0 5 6 9 14 1 7 8 10 15 12 2
9 1 1 4 11 6 3 13 5 0 9 14 1 7 8 10 15 12 2
9 1 1 4 11 3 0 13 5 6 9 14 1 7 8 10 15 12 2
9 1 1 4 5 11 3 13 6 7 9 14 1 12 8 10 15 0 2
9 1 1 4 5 11 3 13 6 7 9 14 0 1 8 10 15 12 2
9 1 1 4 5 11 3 13 6 7 9 14 1 8 0 10 15 12 2
9 1 1 4 0 5 3 13 6 11 9 14 1 7 8 10 15 12 2
9 1 1 4 5 3 0 13 6 11 9 14 1 7 8 10 15 12 2
9 1 1 4 5 11 3 13 6 9 8 14 1 7 0 10 15 12 2
9 1 1 4 5 11 0 13 6 9 3 14 1 7 8 10 15 12 2
9 1 1 4 0 11 3 14 5 6 9 1 13 12 8 10 7 15 2
9 1 1 4 5 11 3 0 14 6 9 1 13 12 8 10 7 15 2
9 1 1 4 5 11 3 14 6 0 9 1 13 12 8 10 7 15 2
9 1 1 4 5 11 3 14 13 6 9 10 1 12 8 0 7 15 2
9 1 1 4 5 11 3 0 13 6 9 14 1 12 8 10 7 15 2
9 1 1 4 5 11 3 14 13 0 9 1 12 6 8 10 7 15 2
9 1 1 4 5 11 3 14 13 6 9 1 12 8 0 10 7 15 2
9 1 1 4 5 11 3 0 13 6 9 14 7 12 8 1 10 15 2
9 1 1 4 5 11 3 14 13 6 9 7 0 12 8 1 10 15 2
9 1 1 4 13 5 3 14 7 11 9 1 0 6 8 10 15 12 2
9 1 1 4 13 5 3 0 14 11 9 1 7 6 8 10 15 12 2
9 1 1 4 13 5 3 14 11 0 9 1 7 6 8 10 15 12 2
9 1 1 14 4 5 3 0 13 11 9 1 7 6 8 10 15 12 2
9 1 1 4 5 3 9 14 13 11 8 1 7 6 0 10 15 12 2
9 1 1 4 5 3 9 14 13 0 11 1 7 6 8 10 15 12 2
9 1 1 4 5 11 3 14 7 13 9 1 15 6 8 0 10 12 2
9 1 1 4 5 11 3 14 7 13 9 1 15 6 8 10 12 0 2
9 1 1 4 5 11 3 14 7 13 9 10 1 6 8 0 15 12 2
9 1 1 4 5 11 3 0 7 13 9 14 1 6 8 10 15 12 2
9 1 1 4 5 11 3 14 7 13 9 1 6 12 8 10 15 0 2
9 1 1 4 5 11 3 14 7 13 9 1 6 8 0 10 15 12 2
9 1 1 14 4 11 3 0 5 13 9 1 7 6 8 10 15 12 2
9 1 1 4 11 13 3 14 5 0 9 1 7 6 8 10 15 12 2
9 1 1 4 11 3 0 14 5 13 9 1 7 6 8 10 15 12 2
9 1 1 4 5 11 3 1 14 13 9 10 7 6 8 0 15 12 2
9 1 1 4 5 11 3 1 14 13 9 7 0 6 8 10 15 12 2
9 1 1 5 0 11 3 4 14 13 9 1 7 6 8 10 15 12 2
9 1 1 4 5 11 3 14 13 9 8 1 7 12 6 10 15 0 2
9 1 1 4 5 11 3 14 13 0 8 1 7 9 6 10 15 12 2
9 1 1 4 5 11 3 14 13 9 8 1 0 7 6 10 15 12 2
9 1 1 4 5 9 11 14 13 0 3 1 7 6 8 10 15 12 2
9 1 1 4 0 5 11 14 13 9 3 1 7 6 8 10 15 12 2
9 1 1 4 5 6 11 14 13 0 3 1 7 8 9 10 15 12 2
9 1 1 4 0 5 11 14 13 6 3 1 7 8 9 10 15 12 2
9 1 1 4 5 11 3 14 13 8 6 1 7 12 9 10 15 0 2
9 1 1 4 5 11 3 14 13 8 6 1 0 7 9 10 15 12 2
9 1 1 4 5 11 3 14 13 8 6 1 7 9 0 10 15 12 2
9 1 1 4 0 5 3 14 13 11 6 1 7 8 9 10 15 12 2
9 1 1 4 5 3 0 14 13 11 6 1 7 8 9 10 15 12 2
9 1 1 4 5 11 3 14 7 13 6 1 0 8 9 10 15 12 2
9 1 1 4 0 11 3 14 5 13 6 1 7 8 9 10 15 12 2
9 1 1 4 5 11 3 0 14 13 6 1 7 8 9 10 15 12 2
9 1 1 4 0 11 3 1 5 6 9 10 14 7 8 15 13 12 2
9 1 1 4 5 11 3 0 1 6 9 10 14 7 8 15 13 12 2
9 1 1 4 5 11 3 1 6 0 9 10 14 7 8 15 13 12 2
9 1 1 4 5 11 3 1 14 6 9 15 10 7 8 0 13 12 2
9 1 1 4 5 11 3 0 14 6 9 1 10 7 8 15 13 12 2
9 1 1 4 5 11 3 1 14 6 9 10 7 12 8 15 13 0 2
9 1 1 4 5 11 3 1 14 0 9 10 7 6 8 15 13 12 2
9 1 1 4 5 11 3 1 14 6 9 10 7 8 0 15 13 12 2
9 1 1 4 5 11 3 1 14 0 9 10 13 6 8 15 12 7 2
9 1 1 4 5 11 3 1 14 6 9 10 0 13 8 15 12 7 2
9 1 1 4 5 11 3 1 14 6 9 10 13 8 0 15 12 7 2
9 1 1 4 5 11 3 0 14 6 9 1 15 7 8 13 10 12 2
9 1 1 4 5 11 3 1 14 6 9 15 0 7 8 13 10 12 2
9 1 1 4 5 11 3 1 14 0 9 13 15 6 8 10 12 7 2
9 1 1 4 5 11 3 1 14 6 9 13 0 15 8 10 12 7 2
9 1 1 4 5 11 3 1 14 6 9 13 15 8 0 10 12 7 2
9 1 1 1 4 11 3 0 5 6 9 13 14 7 8 10 15 12 2
9 1 1 4 11 6 3 1 5 0 9 13 14 7 8 10 15 12 2
9 1 1 4 11 3 0 1 5 6 9 13 14 7 8 10 15 12 2
9 1 1 5 0 11 3 4 1 6 9 13 14 7 8 10 15 12 2
9 1 1 4 5 11 3 1 6 7 9 13 14 12 8 10 15 0 2
9 1 1 4 5 11 3 1 6 7 9 13 0 14 8 10 15 12 2
9 1 1 4 5 11 3 1 6 7 9 13 14 8 0 10 15 12 2
9 1 1 4 0 5 3 1 6 11 9 13 14 7 8 10 15 12 2
9 1 1 4 5 3 0 1 6 11 9 13 14 7 8 10 15 12 2
9 1 1 4 5 11 3 1 6 9 8 13 14 7 0 10 15 12 2
9 1 1 4 5 11 0 1 6 9 3 13 14 7 8 10 15 12 2
9 1 1 4 5 11 3 1 14 6 9 13 0 12 8 10 7 15 2
9 1 1 4 5 11 3 1 14 6 9 13 7 12 8 0 10 15 2
9 1 1 4 0 5 3 1 14 11 9 13 7 6 8 10 15 12 2
9 1 1 4 5 3 0 1 14 11 9 13 7 6 8 10 15 12 2
9 1 1 4 5 11 3 1 7 14 9 13 0 6 8 10 15 12 2
9 1 1 4 0 11 3 1 5 14 9 13 7 6 8 10 15 12 2
9 1 1 4 5 11 3 0 1 14 9 13 7 6 8 10 15 12 2
9 1 1 4 5 11 3 1 14 9 8 13 7 6 0 10 15 12 2
9 1 1 4 5 11 0 1 14 9 3 13 7 6 8 10 15 12 2
9 1 1 4 5 11 0 1 14 6 3 13 7 8 9 10 15 12 2
9 1 1 4 5 11 3 1 14 0 6 13 7 8 9 10 15 12 2
9 1 1 5 14 11 3 4 13 6 9 1 15 7 8 0 10 12 2
9 1 1 5 14 11 3 4 13 6 9 1 15 7 8 10 12 0 2
9 1 1 5 14 11 3 4 13 6 9 10 1 7 8 0 15 12 2
9 1 1 5 14 11 3 0 13 6 9 4 1 7 8 10 15 12 2
9 1 1 5 14 11 3 4 13 6 9 1 7 12 8 10 15 0 2
9 1 1 5 14 11 3 4 13 0 9 1 7 6 8 10 15 12 2
9 1 1 5 14 11 3 4 13 6 9 1 7 8 0 10 15 12 2
9 1 1 5 14 11 3 1 4 6 9 10 13 7 8 0 15 12 2
9 1 1 5 14 11 3 1 4 6 9 13 0 7 8 10 15 12 2
9 1 1 5 14 11 3 4 6 7 9 1 13 12 8 10 15 0 2
9 1 1 5 14 11 3 4 6 7 9 1 0 13 8 10 15 12 2
9 1 1 5 14 11 3 4 6 7 9 1 13 8 0 10 15 12 2
9 1 1 5 0 14 3 4 6 11 9 1 13 7 8 10 15 12 2
9 1 1 5 14 3 0 4 6 11 9 1 13 7 8 10 15 12 2
9 1 1 5 14 11 3 4 6 9 8 1 13 7 0 10 15 12 2
9 1 1 5 14 11 0 4 6 9 3 1 13 7 8 10 15 12 2
9 1 1 5 11 6 3 4 14 7 9 1 13 12 8 10 15 0 2
9 1 1 5 11 6 3 4 14 7 9 1 0 13 8 10 15 12 2
9 1 1 5 11 6 3 4 14 7 9 1 13 8 0 10 15 12 2
9 1 1 5 11 6 3 4 13 14 9 1 0 7 8 10 15 12 2
9 1 1 5 0 6 3 4 11 14 9 1 13 7 8 10 15 12 2
9 1 1 5 11 6 3 0 4 14 9 1 13 7 8 10 15 12 2
9 1 1 5 11 6 3 4 14 9 8 1 13 7 0 10 15 12 2
9 1 1 5 11 6 0 4 14 9 3 1 13 7 8 10 15 12 2
9 1 1 5 11 3 9 4 14 6 8 1 13 7 0 10 15 12 2
9 1 1 5 11 3 9 4 14 0 6 1 13 7 8 10 15 12 2
9 1 1 4 0 11 3 14 5 7 9 1 6 12 8 10 13 15 2
9 1 1 4 5 11 3 0 14 7 9 1 6 12 8 10 13 15 2
9 1 1 4 5 11 3 14 7 0 9 1 6 12 8 10 13 15 2
9 1 1 4 5 11 3 14 6 7 9 10 1 12 8 0 13 15 2
9 1 1 4 5 11 3 0 6 7 9 14 1 12 8 10 13 15 2
9 1 1 4 5 11 3 14 6 7 9 1 12 15 8 10 13 0 2
9 1 1 4 5 11 3 14 6 0 9 1 12 7 8 10 13 15 2
9 1 1 4 5 11 3 14 6 7 9 1 12 8 0 10 13 15 2
9 1 1 4 5 11 3 0 6 7 9 14 13 12 8 1 10 15 2
9 1 1 4 5 11 3 14 6 7 9 13 0 12 8 1 10 15 2
9 1 1 4 5 11 3 0 6 7 9 14 15 13 8 1 10 12 2
9 1 1 4 5 11 3 14 6 7 9 15 0 13 8 1 10 12 2
9 1 1 4 5 11 3 14 6 0 9 1 15 7 8 10 12 13 2
9 1 1 4 5 11 3 14 6 7 9 1 0 15 8 10 12 13 2
9 1 1 4 5 11 3 14 6 7 9 1 15 8 0 10 12 13 2
9 1 1 14 4 11 3 0 5 7 9 1 6 13 8 10 15 12 2
9 1 1 4 11 7 3 14 5 0 9 1 6 13 8 10 15 12 2
9 1 1 4 11 3 0 14 5 7 9 1 6 13 8 10 15 12 2
9 1 1 4 5 11 3 1 14 7 9 10 6 13 8 0 15 12 2
9 1 1 4 5 11 3 1 14 7 9 6 0 13 8 10 15 12 2
9 1 1 5 0 11 3 4 14 7 9 1 6 13 8 10 15 12 2
9 1 1 4 0 5 3 14 7 11 9 1 6 13 8 10 15 12 2
9 1 1 4 5 3 0 14 7 11 9 1 6 13 8 10 15 12 2
9 1 1 4 5 11 3 14 7 9 8 1 6 13 0 10 15 12 2
9 1 1 4 5 11 0 14 7 9 3 1 6 13 8 10 15 12 2
9 1 1 4 5 11 3 14 6 7 9 10 0 13 8 15 1 12 2
9 1 1 4 5 11 3 14 6 7 9 10 1 13 8 15 12 0 2
9 1 1 5 0 11 3 4 6 7 9 14 1 13 8 10 15 12 2
9 1 1 4 5 11 3 6 1 7 9 14 0 13 8 10 15 12 2
9 1 1 4 0 11 3 6 5 7 9 14 1 13 8 10 15 12 2
9 1 1 4 5 11 3 6 7 0 9 14 1 13 8 10 15 12 2
9 1 1 4 5 7 11 14 6 0 3 1 13 8 9 10 15 12 2
9 1 1 4 0 5 11 14 6 7 3 1 13 8 9 10 15 12 2
9 1 1 4 5 11 3 14 6 8 7 1 13 12 9 10 15 0 2
9 1 1 4 5 11 3 14 6 8 7 1 0 13 9 10 15 12 2
9 1 1 4 5 11 3 14 6 8 7 1 13 9 0 10 15 12 2
9 1 1 4 0 5 3 14 6 11 7 1 13 8 9 10 15 12 2
9 1 1 4 5 3 0 14 6 11 7 1 13 8 9 10 15 12 2
9 1 1 4 5 11 3 14 13 6 7 1 0 8 9 10 15 12 2
9 1 1 4 0 11 3 14 5 6 7 1 13 8 9 10 15 12 2
9 1 1 4 5 11 3 0 14 6 7 1 13 8 9 10 15 12 2
9 1 1 4 6 5 3 14 13 11 9 1 15 7 8 0 10 12 2
9 1 1 4 6 5 3 14 13 11 9 1 15 7 8 10 12 0 2
9 1 1 4 6 5 3 14 13 11 9 10 1 7 8 0 15 12 2
9 1 1 4 6 5 3 0 13 11 9 14 1 7 8 10 15 12 2
9 1 1 4 6 5 3 14 13 11 9 1 7 12 8 10 15 0 2
9 1 1 4 6 5 3 14 13 0 9 1 7 11 8 10 15 12 2
9 1 1 4 6 5 3 14 13 11 9 1 7 8 0 10 15 12 2
9 1 1 4 6 5 3 1 14 11 9 10 13 7 8 0 15 12 2
9 1 1 4 6 5 3 1 14 11 9 13 0 7 8 10 15 12 2
9 1 1 6 0 5 3 4 14 11 9 1 13 7 8 10 15 12 2
9 1 1 4 6 5 3 14 11 7 9 1 13 12 8 10 15 0 2
9 1 1 4 6 5 3 14 11 7 9 1 0 13 8 10 15 12 2
9 1 1 4 6 5 3 14 11 7 9 1 13 8 0 10 15 12 2
9 1 1 4 6 5 3 14 11 9 8 1 13 7 0 10 15 12 2
9 1 1 4 6 5 0 14 11 9 3 1 13 7 8 10 15 12 2
9 1 1 14 4 5 3 1 6 11 9 10 13 7 8 0 15 12 2
9 1 1 14 4 5 3 1 6 11 9 13 0 7 8 10 15 12 2
9 1 1 14 4 5 3 6 13 11 9 1 0 7 8 10 15 12 2
9 1 1 14 0 5 3 6 4 11 9 1 13 7 8 10 15 12 2
9 1 1 14 4 5 3 6 11 0 9 1 13 7 8 10 15 12 2
9 1 1 4 5 3 9 14 6 11 8 1 13 12 7 10 15 0 2
9 1 1 4 5 3 9 14 6 0 8 1 13 11 7 10 15 12 2
9 1 1 4 5 3 9 14 6 11 8 1 0 13 7 10 15 12 2
9 1 1 4 5 3 9 14 6 7 11 1 13 12 8 10 15 0 2
9 1 1 4 5 3 9 14 6 7 11 1 0 13 8 10 15 12 2
9 1 1 4 5 3 9 14 6 7 11 1 13 8 0 10 15 12 2
9 1 1 4 0 5 9 14 6 3 11 1 13 7 8 10 15 12 2
9 1 1 4 5 9 0 14 6 3 11 1 13 7 8 10 15 12 2
9 1 1 4 5 3 9 14 13 6 11 1 0 7 8 10 15 12 2
9 1 1 4 0 3 9 14 5 6 11 1 13 7 8 10 15 12 2
9 1 1 4 5 3 9 0 14 6 11 1 13 7 8 10 15 12 2
9 1 1 4 5 11 3 14 6 9 8 1 0 12 7 10 13 15 2
9 1 1 4 5 11 3 14 6 9 8 1 13 12 7 0 10 15 2
9 1 1 4 0 5 3 14 6 11 8 1 13 9 7 10 15 12 2
9 1 1 4 5 3 0 14 6 11 8 1 13 9 7 10 15 12 2
9 1 1 4 5 11 3 14 13 6 8 1 0 9 7 10 15 12 2
9 1 1 4 0 11 3 14 5 6 8 1 13 9 7 10 15 12 2
9 1 1 4 5 11 3 0 14 6 8 1 13 9 7 10 15 12 2
9 1 1 4 5 11 0 14 6 8 3 1 13 9 7 10 15 12 2
9 1 1 4 5 11 3 14 6 9 8 1 15 13 7 0 10 12 2
9 1 1 4 5 11 3 14 6 9 8 1 15 13 7 10 12 0 2
9 1 1 4 0 11 3 14 5 9 8 1 6 13 7 10 15 12 2
9 1 1 4 5 11 3 0 14 9 8 1 6 13 7 10 15 12 2
9 1 1 4 5 11 3 14 9 0 8 1 6 13 7 10 15 12 2
9 1 1 4 5 11 3 14 6 9 8 10 1 13 7 0 15 12 2
9 1 1 4 5 11 3 0 6 9 8 14 1 13 7 10 15 12 2
9 1 1 4 5 9 11 14 6 7 3 1 13 12 8 10 15 0 2
9 1 1 4 5 9 11 14 6 7 3 1 0 13 8 10 15 12 2
9 1 1 4 5 9 11 14 6 7 3 1 13 8 0 10 15 12 2
9 1 1 4 5 9 11 14 13 6 3 1 0 7 8 10 15 12 2
9 1 1 4 0 9 11 14 5 6 3 1 13 7 8 10 15 12 2
9 1 1 4 5 9 11 0 14 6 3 1 13 7 8 10 15 12 2
9 1 1 4 5 9 11 14 6 3 8 1 13 7 0 10 15 12 2
9 1 1 4 6 5 11 14 13 9 3 1 0 7 8 10 15 12 2
9 1 1 4 6 5 11 0 14 9 3 1 13 7 8 10 15 12 2
9 1 1 4 6 5 11 14 9 0 3 1 13 7 8 10 15 12 2
9 1 1 14 4 5 11 0 6 9 3 1 13 7 8 10 15 12 2
9 1 1 14 0 11 3 1 4 6 9 10 5 7 8 15 13 12 2
9 1 1 14 4 11 3 0 1 6 9 10 5 7 8 15 13 12 2
9 1 1 14 4 11 3 1 6 0 9 10 5 7 8 15 13 12 2
9 1 1 14 4 11 3 1 5 6 9 15 10 7 8 0 13 12 2
9 1 1 14 4 11 3 0 5 6 9 1 10 7 8 15 13 12 2
9 1 1 14 4 11 3 1 5 6 9 10 7 12 8 15 13 0 2
9 1 1 14 4 11 3 1 5 0 9 10 7 6 8 15 13 12 2
9 1 1 14 4 11 3 1 5 6 9 10 7 8 0 15 13 12 2
9 1 1 14 4 11 3 1 5 0 9 10 13 6 8 15 12 7 2
9 1 1 14 4 11 3 1 5 6 9 10 0 13 8 15 12 7 2
9 1 1 14 4 11 3 1 5 6 9 10 13 8 0 15 12 7 2
9 1 1 14 4 11 3 0 5 6 9 1 15 7 8 13 10 12 2
9 1 1 14 4 11 3 1 5 6 9 15 0 7 8 13 10 12 2
9 1 1 14 4 11 3 1 5 0 9 13 15 6 8 10 12 7 2
9 1 1 14 4 11 3 1 5 6 9 13 0 15 8 10 12 7 2
9 1 1 14 4 11 3 1 5 6 9 13 15 8 0 10 12 7 2
9 1 1 1 14 11 3 0 4 6 9 13 5 7 8 10 15 12 2
9 1 1 14 11 6 3 1 4 0 9 13 5 7 8 10 15 12 2
9 1 1 14 11 3 0 1 4 6 9 13 5 7 8 10 15 12 2
9 1 1 14 4 11 3 13 1 6 9 10 5 7 8 0 15 12 2
9 1 1 14 4 11 3 13 1 6 9 5 0 7 8 10 15 12 2
9 1 1 4 0 11 3 14 1 6 9 13 5 7 8 10 15 12 2
9 1 1 14 4 11 3 1 6 7 9 13 5 12 8 10 15 0 2
9 1 1 14 4 11 3 1 6 7 9 13 0 5 8 10 15 12 2
9 1 1 14 4 11 3 1 6 7 9 13 5 8 0 10 15 12 2
9 1 1 14 0 4 3 1 6 11 9 13 5 7 8 10 15 12 2
9 1 1 14 4 3 0 1 6 11 9 13 5 7 8 10 15 12 2
9 1 1 14 4 11 3 1 6 9 8 13 5 7 0 10 15 12 2
9 1 1 14 4 11 0 1 6 9 3 13 5 7 8 10 15 12 2
9 1 1 14 4 11 3 1 5 6 9 13 0 12 8 10 7 15 2
9 1 1 14 4 11 3 1 5 6 9 13 7 12 8 0 10 15 2
9 1 1 14 0 4 3 1 5 11 9 13 7 6 8 10 15 12 2
9 1 1 14 4 3 0 1 5 11 9 13 7 6 8 10 15 12 2
9 1 1 14 4 11 3 1 7 5 9 13 0 6 8 10 15 12 2
9 1 1 14 0 11 3 1 4 5 9 13 7 6 8 10 15 12 2
9 1 1 14 4 11 3 0 1 5 9 13 7 6 8 10 15 12 2
9 1 1 14 4 11 3 1 5 9 8 13 7 6 0 10 15 12 2
9 1 1 14 4 11 0 1 5 9 3 13 7 6 8 10 15 12 2
9 1 1 14 4 11 0 1 5 6 3 13 7 8 9 10 15 12 2
9 1 1 14 4 11 3 1 5 0 6 13 7 8 9 10 15 12 2
9 1 1 14 4 11 3 0 13 6 9 5 15 7 8 1 10 12 2
9 1 1 14 4 11 3 5 13 6 9 15 0 7 8 1 10 12 2
9 1 1 14 4 11 3 5 13 0 9 1 15 6 8 10 12 7 2
9 1 1 14 4 11 3 5 13 6 9 1 0 15 8 10 12 7 2
9 1 1 14 4 11 3 5 13 6 9 1 15 8 0 10 12 7 2
9 1 1 14 4 11 3 5 13 6 9 10 0 7 8 15 1 12 2
9 1 1 14 4 11 3 5 13 6 9 10 1 7 8 15 12 0 2
9 1 1 4 0 11 3 14 13 6 9 5 1 7 8 10 15 12 2
9 1 1 14 0 11 3 13 4 6 9 5 1 7 8 10 15 12 2
9 1 1 14 4 11 3 13 6 0 9 5 1 7 8 10 15 12 2
9 1 1 14 4 11 3 5 13 6 9 1 0 12 8 10 7 15 2
9 1 1 14 4 11 3 5 13 6 9 1 7 12 8 0 10 15 2
9 1 1 14 0 4 3 5 13 11 9 1 7 6 8 10 15 12 2
9 1 1 14 4 3 0 5 13 11 9 1 7 6 8 10 15 12 2
9 1 1 14 4 11 3 5 7 13 9 1 0 6 8 10 15 12 2
9 1 1 14 0 11 3 5 4 13 9 1 7 6 8 10 15 12 2
9 1 1 14 4 11 3 5 13 9 8 1 7 6 0 10 15 12 2
9 1 1 14 4 11 0 5 13 9 3 1 7 6 8 10 15 12 2
9 1 1 14 4 11 0 5 13 6 3 1 7 8 9 10 15 12 2
9 1 1 14 4 11 3 5 13 0 6 1 7 8 9 10 15 12 2
9 1 1 14 11 6 3 5 4 7 9 1 13 12 8 10 15 0 2
9 1 1 14 11 6 3 5 4 7 9 1 0 13 8 10 15 12 2
9 1 1 14 11 6 3 5 4 7 9 1 13 8 0 10 15 12 2
9 1 1 14 11 6 3 5 13 4 9 1 0 7 8 10 15 12 2
9 1 1 14 0 6 3 5 11 4 9 1 13 7 8 10 15 12 2
9 1 1 14 11 6 3 0 5 4 9 1 13 7 8 10 15 12 2
9 1 1 14 11 6 3 5 4 9 8 1 13 7 0 10 15 12 2
9 1 1 14 11 6 0 5 4 9 3 1 13 7 8 10 15 12 2
9 1 1 14 11 3 9 5 4 6 8 1 13 7 0 10 15 12 2
9 1 1 14 11 3 9 5 4 0 6 1 13 7 8 10 15 12 2
9 1 1 14 4 11 3 5 6 7 9 1 0 12 8 10 13 15 2
9 1 1 14 4 11 3 5 6 7 9 1 13 12 8 0 10 15 2
9 1 1 14 4 11 3 5 6 7 9 1 15 13 8 0 10 12 2
9 1 1 14 4 11 3 5 6 7 9 1 15 13 8 10 12 0 2
9 1 1 14 0 11 3 5 4 7 9 1 6 13 8 10 15 12 2
9 1 1 14 4 11 3 5 7 0 9 1 6 13 8 10 15 12 2
9 1 1 14 4 11 3 5 6 7 9 10 1 13 8 0 15 12 2
9 1 1 14 4 11 3 0 6 7 9 5 1 13 8 10 15 12 2
9 1 1 14 4 11 0 5 6 7 3 1 13 8 9 10 15 12 2
9 1 1 14 4 11 3 5 6 0 7 1 13 8 9 10 15 12 2
9 1 1 14 6 4 3 5 13 11 9 1 0 7 8 10 15 12 2
9 1 1 14 6 4 3 0 5 11 9 1 13 7 8 10 15 12 2
9 1 1 14 6 4 3 5 11 0 9 1 13 7 8 10 15 12 2
9 1 1 5 14 4 3 0 6 11 9 1 13 7 8 10 15 12 2
9 1 1 14 4 3 9 5 6 11 8 1 13 7 0 10 15 12 2
9 1 1 14 4 3 9 5 6 0 11 1 13 7 8 10 15 12 2
9 1 1 14 4 11 3 5 6 9 8 1 13 12 7 10 15 0 2
9 1 1 14 4 11 3 5 6 0 8 1 13 9 7 10 15 12 2
9 1 1 14 4 11 3 5 6 9 8 1 0 13 7 10 15 12 2
9 1 1 14 4 9 11 5 6 0 3 1 13 7 8 10 15 12 2
9 1 1 14 0 4 11 5 6 9 3 1 13 7 8 10 15 12 2
9 1 1 4 0 6 3 14 11 7 9 1 5 12 8 10 13 15 2
9 1 1 4 11 6 3 0 14 7 9 1 5 12 8 10 13 15 2
9 1 1 4 11 6 3 14 7 0 9 1 5 12 8 10 13 15 2
9 1 1 4 11 6 3 14 5 7 9 10 1 12 8 0 13 15 2
9 1 1 4 11 6 3 0 5 7 9 14 1 12 8 10 13 15 2
9 1 1 4 11 6 3 14 5 7 9 1 12 15 8 10 13 0 2
9 1 1 4 11 6 3 14 5 0 9 1 12 7 8 10 13 15 2
9 1 1 4 11 6 3 14 5 7 9 1 12 8 0 10 13 15 2
9 1 1 4 11 6 3 0 5 7 9 14 13 12 8 1 10 15 2
9 1 1 4 11 6 3 14 5 7 9 13 0 12 8 1 10 15 2
9 1 1 4 11 6 3 0 5 7 9 14 15 13 8 1 10 12 2
9 1 1 4 11 6 3 14 5 7 9 15 0 13 8 1 10 12 2
9 1 1 4 11 6 3 14 5 0 9 1 15 7 8 10 12 13 2
9 1 1 4 11 6 3 14 5 7 9 1 0 15 8 10 12 13 2
9 1 1 4 11 6 3 14 5 7 9 1 15 8 0 10 12 13 2
9 1 1 14 4 6 3 0 11 7 9 1 5 13 8 10 15 12 2
9 1 1 4 6 7 3 14 11 0 9 1 5 13 8 10 15 12 2
9 1 1 4 6 3 0 14 11 7 9 1 5 13 8 10 15 12 2
9 1 1 4 11 6 3 1 14 7 9 10 5 13 8 0 15 12 2
9 1 1 4 11 6 3 1 14 7 9 5 0 13 8 10 15 12 2
9 1 1 11 0 6 3 4 14 7 9 1 5 13 8 10 15 12 2
9 1 1 4 11 6 3 14 7 13 9 1 5 12 8 10 15 0 2
9 1 1 4 11 6 3 14 7 13 9 1 0 5 8 10 15 12 2
9 1 1 4 11 6 3 14 7 13 9 1 5 8 0 10 15 12 2
9 1 1 4 0 11 3 14 7 6 9 1 5 13 8 10 15 12 2
9 1 1 4 11 3 0 14 7 6 9 1 5 13 8 10 15 12 2
9 1 1 4 11 6 3 14 7 9 8 1 5 13 0 10 15 12 2
9 1 1 4 11 6 0 14 7 9 3 1 5 13 8 10 15 12 2
9 1 1 4 11 6 3 14 5 7 9 10 0 13 8 15 1 12 2
9 1 1 4 11 6 3 14 5 7 9 10 1 13 8 15 12 0 2
9 1 1 11 0 6 3 4 5 7 9 14 1 13 8 10 15 12 2
9 1 1 4 11 6 3 5 1 7 9 14 0 13 8 10 15 12 2
9 1 1 4 0 6 3 5 11 7 9 14 1 13 8 10 15 12 2
9 1 1 4 11 6 3 5 7 0 9 14 1 13 8 10 15 12 2
9 1 1 4 11 7 6 14 5 0 3 1 13 8 9 10 15 12 2
9 1 1 4 0 11 6 14 5 7 3 1 13 8 9 10 15 12 2
9 1 1 4 11 6 3 14 5 8 7 1 13 12 9 10 15 0 2
9 1 1 4 11 6 3 14 5 8 7 1 0 13 9 10 15 12 2
9 1 1 4 11 6 3 14 5 8 7 1 13 9 0 10 15 12 2
9 1 1 4 11 3 0 14 5 6 7 1 13 8 9 10 15 12 2
9 1 1 4 11 6 3 14 13 5 7 1 0 8 9 10 15 12 2
9 1 1 4 0 6 3 14 11 5 7 1 13 8 9 10 15 12 2
9 1 1 4 11 6 3 0 14 5 7 1 13 8 9 10 15 12 2
9 1 1 4 11 6 3 0 13 5 9 14 15 7 8 1 10 12 2
9 1 1 4 11 6 3 14 13 5 9 15 0 7 8 1 10 12 2
9 1 1 4 11 6 3 14 13 0 9 1 15 5 8 10 12 7 2
9 1 1 4 11 6 3 14 13 5 9 1 0 15 8 10 12 7 2
9 1 1 4 11 6 3 14 13 5 9 1 15 8 0 10 12 7 2
9 1 1 4 11 6 3 14 13 5 9 10 0 7 8 15 1 12 2
9 1 1 4 11 6 3 14 13 5 9 10 1 7 8 15 12 0 2
9 1 1 11 0 6 3 4 13 5 9 14 1 7 8 10 15 12 2
9 1 1 4 11 6 3 13 1 5 9 14 0 7 8 10 15 12 2
9 1 1 4 0 6 3 13 11 5 9 14 1 7 8 10 15 12 2
9 1 1 4 11 6 3 14 13 5 9 1 0 12 8 10 7 15 2
9 1 1 4 11 6 3 14 13 5 9 1 7 12 8 0 10 15 2
9 1 1 4 0 11 3 14 13 6 9 1 7 5 8 10 15 12 2
9 1 1 4 11 3 0 14 13 6 9 1 7 5 8 10 15 12 2
9 1 1 4 0 6 3 14 11 13 9 1 7 5 8 10 15 12 2
9 1 1 4 11 6 3 0 14 13 9 1 7 5 8 10 15 12 2
9 1 1 4 11 6 3 14 13 9 8 1 7 5 0 10 15 12 2
9 1 1 4 11 6 0 14 13 9 3 1 7 5 8 10 15 12 2
9 1 1 4 11 6 0 14 13 5 3 1 7 8 9 10 15 12 2
9 1 1 4 11 6 3 14 13 0 5 1 7 8 9 10 15 12 2
9 1 1 14 4 6 3 1 11 5 9 10 13 7 8 0 15 12 2
9 1 1 14 4 6 3 1 11 5 9 13 0 7 8 10 15 12 2
9 1 1 14 4 6 3 11 13 5 9 1 0 7 8 10 15 12 2
9 1 1 14 0 6 3 11 4 5 9 1 13 7 8 10 15 12 2
9 1 1 14 4 6 3 11 5 0 9 1 13 7 8 10 15 12 2
9 1 1 4 6 3 9 14 11 5 8 1 13 7 0 10 15 12 2
9 1 1 4 6 3 9 14 11 0 5 1 13 7 8 10 15 12 2
9 1 1 4 11 6 3 1 14 5 9 10 0 7 8 15 13 12 2
9 1 1 4 11 6 3 1 14 5 9 10 13 7 8 15 12 0 2
9 1 1 4 11 6 3 1 14 5 9 13 15 7 8 0 10 12 2
9 1 1 4 11 6 3 1 14 5 9 13 15 7 8 10 12 0 2
9 1 1 4 0 6 3 1 11 5 9 13 14 7 8 10 15 12 2
9 1 1 4 11 6 3 0 1 5 9 13 14 7 8 10 15 12 2
9 1 1 4 11 6 3 1 14 5 9 13 7 12 8 10 15 0 2
9 1 1 4 11 6 3 1 14 0 9 13 7 5 8 10 15 12 2
9 1 1 4 11 6 3 1 14 5 9 13 7 8 0 10 15 12 2
9 1 1 11 14 6 3 4 13 5 9 1 0 7 8 10 15 12 2
9 1 1 11 14 6 3 0 4 5 9 1 13 7 8 10 15 12 2
9 1 1 11 14 6 3 4 5 0 9 1 13 7 8 10 15 12 2
9 1 1 11 6 5 3 4 14 0 9 1 13 7 8 10 15 12 2
9 1 1 11 6 3 0 4 14 5 9 1 13 7 8 10 15 12 2
9 1 1 4 11 6 3 14 5 9 8 1 0 12 7 10 13 15 2
9 1 1 4 11 6 3 14 5 9 8 1 13 12 7 0 10 15 2
9 1 1 4 11 3 0 14 5 6 8 1 13 9 7 10 15 12 2
9 1 1 4 11 6 3 14 13 5 8 1 0 9 7 10 15 12 2
9 1 1 4 0 6 3 14 11 5 8 1 13 9 7 10 15 12 2
9 1 1 4 11 6 3 0 14 5 8 1 13 9 7 10 15 12 2
9 1 1 4 11 6 0 14 5 8 3 1 13 9 7 10 15 12 2
9 1 1 4 11 6 3 14 5 9 8 1 15 13 7 0 10 12 2
9 1 1 4 11 6 3 14 5 9 8 1 15 13 7 10 12 0 2
9 1 1 4 0 6 3 14 11 9 8 1 5 13 7 10 15 12 2
9 1 1 4 11 6 3 0 14 9 8 1 5 13 7 10 15 12 2
9 1 1 4 11 6 3 14 9 0 8 1 5 13 7 10 15 12 2
9 1 1 4 11 6 3 14 5 9 8 10 1 13 7 0 15 12 2
9 1 1 4 11 6 3 0 5 9 8 14 1 13 7 10 15 12 2
9 1 1 4 11 9 6 14 5 7 3 1 13 12 8 10 15 0 2
9 1 1 4 11 9 6 14 5 7 3 1 0 13 8 10 15 12 2
9 1 1 4 11 9 6 14 5 7 3 1 13 8 0 10 15 12 2
9 1 1 4 11 9 6 14 13 5 3 1 0 7 8 10 15 12 2
9 1 1 4 0 9 6 14 11 5 3 1 13 7 8 10 15 12 2
9 1 1 4 11 9 6 0 14 5 3 1 13 7 8 10 15 12 2
9 1 1 4 11 9 6 14 5 3 8 1 13 7 0 10 15 12 2
9 1 1 4 5 11 6 14 13 9 3 1 0 7 8 10 15 12 2
9 1 1 4 5 11 6 0 14 9 3 1 13 7 8 10 15 12 2
9 1 1 4 5 11 6 14 9 0 3 1 13 7 8 10 15 12 2
9 1 1 14 4 11 6 0 5 9 3 1 13 7 8 10 15 12 2
9 1 1 4 11 3 9 14 5 6 8 1 0 12 7 10 13 15 2
9 1 1 4 11 3 9 14 5 6 8 1 13 12 7 0 10 15 2
9 1 1 4 0 11 9 14 5 3 8 1 13 6 7 10 15 12 2
9 1 1 4 11 9 0 14 5 3 8 1 13 6 7 10 15 12 2
9 1 1 4 11 3 9 14 13 5 8 1 0 6 7 10 15 12 2
9 1 1 4 0 3 9 14 11 5 8 1 13 6 7 10 15 12 2
9 1 1 4 11 3 9 0 14 5 8 1 13 6 7 10 15 12 2
9 1 1 4 11 3 9 14 5 8 7 1 13 6 0 10 15 12 2
9 1 1 4 11 3 0 14 5 8 9 1 13 6 7 10 15 12 2
9 1 1 4 11 3 9 14 5 6 8 1 15 13 7 0 10 12 2
9 1 1 4 11 3 9 14 5 6 8 1 15 13 7 10 12 0 2
9 1 1 4 0 3 9 14 11 6 8 1 5 13 7 10 15 12 2
9 1 1 4 11 3 9 0 14 6 8 1 5 13 7 10 15 12 2
9 1 1 4 11 3 9 14 6 0 8 1 5 13 7 10 15 12 2
9 1 1 4 11 3 9 14 5 6 8 10 1 13 7 0 15 12 2
9 1 1 4 11 3 9 0 5 6 8 14 1 13 7 10 15 12 2
9 1 1 4 11 3 9 14 5 7 6 1 0 12 8 10 13 15 2
9 1 1 4 11 3 9 14 5 7 6 1 13 12 8 0 10 15 2
9 1 1 4 11 3 9 14 5 7 6 1 15 13 8 0 10 12 2
9 1 1 4 11 3 9 14 5 7 6 1 15 13 8 10 12 0 2
9 1 1 4 0 3 9 14 11 7 6 1 5 13 8 10 15 12 2
9 1 1 4 11 3 9 0 14 7 6 1 5 13 8 10 15 12 2
9 1 1 4 11 3 9 14 7 0 6 1 5 13 8 10 15 12 2
9 1 1 4 11 3 9 14 5 7 6 10 1 13 8 0 15 12 2
9 1 1 4 11 3 9 0 5 7 6 14 1 13 8 10 15 12 2
9 1 1 4 11 3 0 14 5 7 9 1 13 8 6 10 15 12 2
9 1 1 4 11 3 9 14 5 0 7 1 13 8 6 10 15 12 2
9 1 1 4 5 11 9 14 13 3 6 1 0 7 8 10 15 12 2
9 1 1 4 5 11 9 0 14 3 6 1 13 7 8 10 15 12 2
9 1 1 4 5 11 9 14 3 0 6 1 13 7 8 10 15 12 2
9 1 1 14 4 11 9 0 5 3 6 1 13 7 8 10 15 12 2
9 1 1 4 11 3 9 14 13 5 6 1 15 7 8 0 10 12 2
9 1 1 4 11 3 9 14 13 5 6 1 15 7 8 10 12 0 2
9 1 1 4 11 3 9 14 13 5 6 10 1 7 8 0 15 12 2
9 1 1 4 11 3 9 0 13 5 6 14 1 7 8 10 15 12 2
9 1 1 4 11 3 9 14 13 5 6 1 7 12 8 10 15 0 2
9 1 1 4 11 3 9 14 13 0 6 1 7 5 8 10 15 12 2
9 1 1 4 11 3 9 14 13 5 6 1 7 8 0 10 15 12 2
9 1 1 14 4 3 9 0 11 5 6 1 13 7 8 10 15 12 2
9 1 1 4 3 5 9 14 11 0 6 1 13 7 8 10 15 12 2
9 1 1 4 3 9 0 14 11 5 6 1 13 7 8 10 15 12 2
9 1 1 4 11 3 9 1 14 5 6 10 13 7 8 0 15 12 2
9 1 1 4 11 3 9 1 14 5 6 13 0 7 8 10 15 12 2
9 1 1 11 0 3 9 4 14 5 6 1 13 7 8 10 15 12 2
9 1 0 2 4 11 3 14 5 6 9 1 13 12 8 10 15 7 0
9 1 0 2 4 11 3 14 5 6 9 1 13 8 7 10 15 12 0
9 1 0 3 4 11 6 14 5 7 9 1 13 12 8 10 15 2 0
9 1 0 3 4 11 6 14 5 7 9 1 13 8 2 10 15 12 0
9 1 0 3 4 11 6 14 5 9 8 1 13 7 2 10 15 12 0
9 1 0 3 4 11 10 14 5 6 9 1 13 7 8 15 12 2 0
9 1 0 2 4 11 3 14 5 6 9 1 13 7 8 15 12 10 0
9 1 0 4 5 11 3 14 13 6 9 1 15 2 7 10 12 8 0
9 1 0 4 5 11 3 14 13 6 9 1 7 2 12 10 15 8 0
9 1 0 4 5 11 3 14 6 7 9 1 13 2 12 10 15 8 0
9 1 0 4 5 11 3 14 6 9 8 1 13 2 12 10 15 7 0
9 1 0 4 11 6 3 14 5 7 9 1 13 2 12 10 15 8 0
9 1 0 4 11 6 3 14 5 9 8 1 13 2 12 10 15 7 0
9 1 0 4 11 3 9 14 5 6 8 1 13 2 12 10 15 7 0
9 1 0 4 5 11 3 14 13 6 9 15 10 7 8 1 12 2 0
9 1 0 4 5 11 3 14 13 6 9 15 7 12 8 1 10 2 0
9 1 0 4 5 11 3 14 13 6 9 15 7 8 2 1 10 12 0
9 1 0 4 5 11 3 14 13 9 8 1 15 6 2 10 12 7 0
9 1 0 4 5 11 3 14 13 6 9 1 12 15 8 10 7 2 0
9 1 0 4 5 11 3 14 13 6 9 10 7 12 8 15 1 2 0
9 1 0 4 5 11 3 14 13 6 9 10 7 8 2 15 1 12 0
9 1 0 4 5 11 3 14 13 6 9 10 1 8 2 15 12 7 0
9 1 0 4 5 11 3 13 1 6 9 14 15 7 8 10 12 2 0
9 1 0 4 5 11 3 13 1 6 9 14 7 12 8 10 15 2 0
9 1 0 4 5 11 3 13 1 6 9 14 7 8 2 10 15 12 0
9 1 0 4 5 11 3 13 6 7 9 14 1 12 8 10 15 2 0
9 1 0 4 5 11 3 13 6 7 9 14 1 8 2 10 15 12 0
9 1 0 4 5 11 3 13 6 9 8 14 1 7 2 10 15 12 0
9 1 0 4 5 11 3 14 13 6 9 1 12 8 2 10 7 15 0
9 1 0 4 5 3 9 14 13 11 8 1 7 6 2 10 15 12 0
9 1 0 4 5 11 3 14 7 13 9 1 15 6 8 10 12 2 0
9 1 0 4 5 11 3 14 7 13 9 1 6 12 8 10 15 2 0
9 1 0 4 5 11 3 14 7 13 9 1 6 8 2 10 15 12 0
9 1 0 4 5 11 3 14 13 9 8 1 7 12 6 10 15 2 0
9 1 0 4 5 11 3 14 13 8 6 1 7 12 9 10 15 2 0
9 1 0 4 5 11 3 14 13 8 6 1 7 9 2 10 15 12 0
9 1 0 4 5 11 3 1 14 6 9 10 7 12 8 15 13 2 0
9 1 0 4 5 11 3 1 14 6 9 10 7 8 2 15 13 12 0
9 1 0 4 5 11 3 1 14 6 9 10 13 8 2 15 12 7 0
9 1 0 4 5 11 3 1 14 6 9 13 15 8 2 10 12 7 0
9 1 0 4 5 11 3 1 6 7 9 13 14 12 8 10 15 2 0
9 1 0 4 5 11 3 1 6 7 9 13 14 8 2 10 15 12 0
9 1 0 4 5 11 3 1 6 9 8 13 14 7 2 10 15 12 0
9 1 0 4 5 11 3 1 14 9 8 13 7 6 2 10 15 12 0
9 1 0 5 14 11 3 4 13 6 9 1 15 7 8 10 12 2 0
9 1 0 5 14 11 3 4 13 6 9 1 7 12 8 10 15 2 0
9 1 0 5 14 11 3 4 13 6 9 1 7 8 2 10 15 12 0
9 1 0 5 14 11 3 4 6 7 9 1 13 12 8 10 15 2 0
9 1 0 5 14 11 3 4 6 7 9 1 13 8 2 10 15 12 0
9 1 0 5 14 11 3 4 6 9 8 1 13 7 2 10 15 12 0
9 1 0 5 11 6 3 4 14 7 9 1 13 12 8 10 15 2 0
9 1 0 5 11 6 3 4 14 7 9 1 13 8 2 10 15 12 0
9 1 0 5 11 6 3 4 14 9 8 1 13 7 2 10 15 12 0
9 1 0 5 11 3 9 4 14 6 8 1 13 7 2 10 15 12 0
9 1 0 4 5 11 3 14 6 7 9 1 12 15 8 10 13 2 0
9 1 0 4 5 11 3 14 6 7 9 1 12 8 2 10 13 15 0
9 1 0 4 5 11 3 14 6 7 9 1 15 8 2 10 12 13 0
9 1 0 4 5 11 3 14 7 9 8 1 6 13 2 10 15 12 0
9 1 0 4 5 11 3 14 6 7 9 10 1 13 8 15 12 2 0
9 1 0 4 5 11 3 14 6 8 7 1 13 12 9 10 15 2 0
9 1 0 4 5 11 3 14 6 8 7 1 13 9 2 10 15 12 0
9 1 0 4 6 5 3 14 13 11 9 1 15 7 8 10 12 2 0
9 1 0 4 6 5 3 14 13 11 9 1 7 12 8 10 15 2 0
9 1 0 4 6 5 3 14 13 11 9 1 7 8 2 10 15 12 0
9 1 0 4 6 5 3 14 11 7 9 1 13 12 8 10 15 2 0
9 1 0 4 6 5 3 14 11 7 9 1 13 8 2 10 15 12 0
9 1 0 4 6 5 3 14 11 9 8 1 13 7 2 10 15 12 0
9 1 0 4 5 3 9 14 6 11 8 1 13 12 7 10 15 2 0
9 1 0 4 5 3 9 14 6 7 11 1 13 12 8 10 15 2 0
9 1 0 4 5 3 9 14 6 7 11 1 13 8 2 10 15 12 0
9 1 0 4 5 11 3 14 6 9 8 1 15 13 7 10 12 2 0
9 1 0 4 5 9 11 14 6 7 3 1 13 12 8 10 15 2 0
9 1 0 4 5 9 11 14 6 7 3 1 13 8 2 10 15 12 0
9 1 0 4 5 9 11 14 6 3 8 1 13 7 2 10 15 12 0
9 1 0 14 4 11 3 1 5 6 9 10 7 12 8 15 13 2 0
9 1 0 14 4 11 3 1 5 6 9 10 7 8 2 15 13 12 0
9 1 0 14 4 11 3 1 5 6 9 10 13 8 2 15 12 7 0
9 1 0 14 4 11 3 1 5 6 9 13 15 8 2 10 12 7 0
9 1 0 14 4 11 3 1 6 7 9 13 5 12 8 10 15 2 0
9 1 0 14 4 11 3 1 6 7 9 13 5 8 2 10 15 12 0
9 1 0 14 4 11 3 1 6 9 8 13 5 7 2 10 15 12 0
9 1 0 14 4 11 3 1 5 9 8 13 7 6 2 10 15 12 0
9 1 0 14 4 11 3 5 13 6 9 1 15 8 2 10 12 7 0
9 1 0 14 4 11 3 5 13 6 9 10 1 7 8 15 12 2 0
9 1 0 14 4 11 3 5 13 9 8 1 7 6 2 10 15 12 0
9 1 0 14 11 6 3 5 4 7 9 1 13 12 8 10 15 2 0
9 1 0 14 11 6 3 5 4 7 9 1 13 8 2 10 15 12 0
9 1 0 14 11 6 3 5 4 9 8 1 13 7 2 10 15 12 0
9 1 0 14 11 3 9 5 4 6 8 1 13 7 2 10 15 12 0
9 1 0 14 4 11 3 5 6 7 9 1 15 13 8 10 12 2 0
9 1 0 14 4 3 9 5 6 11 8 1 13 7 2 10 15 12 0
9 1 0 14 4 11 3 5 6 9 8 1 13 12 7 10 15 2 0
9 1 0 4 11 6 3 14 5 7 9 1 12 15 8 10 13 2 0
9 1 0 4 11 6 3 14 5 7 9 1 12 8 2 10 13 15 0
9 1 0 4 11 6 3 14 5 7 9 1 15 8 2 10 12 13 0
9 1 0 4 11 6 3 14 7 13 9 1 5 12 8 10 15 2 0
9 1 0 4 11 6 3 14 7 13 9 1 5 8 2 10 15 12 0
9 1 0 4 11 6 3 14 7 9 8 1 5 13 2 10 15 12 0
9 1 0 4 11 6 3 14 5 7 9 10 1 13 8 15 12 2 0
9 1 0 4 11 6 3 14 5 8 7 1 13 12 9 10 15 2 0
9 1 0 4 11 6 3 14 5 8 7 1 13 9 2 10 15 12 0
9 1 0 4 11 6 3 14 13 5 9 1 15 8 2 10 12 7 0
9 1 0 4 11 6 3 14 13 5 9 10 1 7 8 15 12 2 0
9 1 0 4 11 6 3 14 13 9 8 1 7 5 2 10 15 12 0
9 1 0 4 6 3 9 14 11 5 8 1 13 7 2 10 15 12 0
9 1 0 4 11 6 3 1 14 5 9 10 13 7 8 15 12 2 0
9 1 0 4 11 6 3 1 14 5 9 13 15 7 8 10 12 2 0
9 1 0 4 11 6 3 1 14 5 9 13 7 12 8 10 15 2 0
9 1 0 4 11 6 3 1 14 5 9 13 7 8 2 10 15 12 0
9 1 0 4 11 6 3 14 5 9 8 1 15 13 7 10 12 2 0
9 1 0 4 11 9 6 14 5 7 3 1 13 12 8 10 15 2 0
9 1 0 4 11 9 6 14 5 7 3 1 13 8 2 10 15 12 0
9 1 0 4 11 9 6 14 5 3 8 1 13 7 2 10 15 12 0
9 1 0 4 11 3 9 14 5 8 7 1 13 6 2 10 15 12 0
9 1 0 4 11 3 9 14 5 6 8 1 15 13 7 10 12 2 0
9 1 0 4 11 3 9 14 5 7 6 1 15 13 8 10 12 2 0
9 1 0 4 11 3 9 14 13 5 6 1 15 7 8 10 12 2 0
9 1 0 4 11 3 9 14 13 5 6 1 7 12 8 10 15 2 0
9 1 0 4 11 3 9 14 13 5 6 1 7 8 2 10 15 12 0
10 3 1 2 5 11 3 4 14 6 9 1 13 0 8 10 15 12 7
10 3 1 4 5 11 3 14 13 6 9 1 15 0 8 2 10 12 7
10 3 1 0 5 11 3 14 13 6 9 1 15 7 8 2 10 12 4
10 3 1 4 5 11 3 14 13 6 9 10 1 0 8 2 15 12 7
10 3 1 0 5 11 3 14 13 6 9 10 1 7 8 2 15 12 4
10 3 1 4 5 11 3 1 14 6 9 10 13 0 8 2 15 12 7
10 3 1 0 5 11 3 1 14 6 9 10 13 7 8 2 15 12 4
10 3 1 14 4 11 3 1 5 6 9 10 13 0 8 2 15 12 7
10 3 1 0 4 11 3 1 5 6 9 10 13 7 8 2 15 12 14
10 3 1 3 4 11 9 14 5 6 8 1 13 0 2 10 15 12 7
10 3 1 0 4 11 9 14 5 6 8 1 13 7 2 10 15 12 3
10 3 1 3 4 11 10 14 5 6 9 1 0 7 8 13 15 12 2
10 3 1 2 4 11 3 14 5 6 9 1 0 7 8 13 15 12 10
10 3 1 2 4 11 0 14 5 6 9 1 13 7 8 3 15 12 10
10 2 1 2 11 3 4 14 5 6 9 1 13 7 8 0 15 12 10
10 3 1 6 5 3 4 14 0 11 9 1 13 7 8 10 15 12 2
10 3 1 6 5 11 4 14 0 9 3 1 13 7 8 10 15 12 2
10 3 1 5 11 6 4 14 0 9 3 1 13 7 8 10 15 12 2
10 3 1 5 3 4 11 14 0 6 9 1 13 7 8 10 15 12 2
10 3 1 4 5 11 3 14 13 6 9 1 0 12 8 7 10 15 2
10 3 1 4 5 11 0 14 13 6 9 1 7 12 8 3 10 15 2
10 3 1 4 5 3 11 14 13 0 9 1 7 6 8 10 15 12 2
10 3 1 4 5 3 10 14 13 11 9 1 7 6 8 0 15 12 2
10 3 1 4 5 11 9 14 13 0 3 1 7 6 8 10 15 12 2
10 3 1 4 5 11 10 14 13 9 3 1 7 6 8 0 15 12 2
10 3 1 4 5 11 6 14 13 0 3 1 7 8 9 10 15 12 2
10 3 1 4 5 11 10 14 13 6 3 1 7 8 9 0 15 12 2
10 3 1 4 5 11 3 1 14 6 9 13 0 7 8 15 10 12 2
10 3 1 4 5 11 0 1 14 6 9 13 15 7 8 3 10 12 2
10 3 1 5 11 3 6 4 14 0 9 1 13 7 8 10 15 12 2
10 3 1 5 11 3 10 4 14 6 9 1 13 7 8 0 15 12 2
10 3 1 4 5 11 3 14 6 7 9 1 0 12 8 13 10 15 2
10 3 1 4 5 11 0 14 6 7 9 1 13 12 8 3 10 15 2
10 3 1 4 5 11 3 14 6 7 9 1 0 13 8 15 10 12 2
10 3 1 4 5 11 0 14 6 7 9 1 15 13 8 3 10 12 2
10 3 1 4 5 11 3 14 6 7 9 10 0 13 8 1 15 12 2
10 3 1 4 5 11 0 14 6 7 9 10 1 13 8 3 15 12 2
10 3 1 4 5 11 7 14 6 0 3 1 13 8 9 10 15 12 2
10 3 1 4 5 11 10 14 6 7 3 1 13 8 9 0 15 12 2
10 3 1 14 4 11 3 1 5 6 9 13 0 7 8 15 10 12 2
10 3 1 14 4 11 0 1 5 6 9 13 15 7 8 3 10 12 2
10 3 1 14 4 11 3 5 13 6 9 1 0 7 8 15 10 12 2
10 3 1 14 4 11 0 5 13 6 9 1 15 7 8 3 10 12 2
10 3 1 14 4 11 3 5 13 6 9 10 0 7 8 1 15 12 2
10 3 1 14 4 11 0 5 13 6 9 10 1 7 8 3 15 12 2
10 3 1 14 11 3 6 5 4 0 9 1 13 7 8 10 15 12 2
10 3 1 14 11 3 10 5 4 6 9 1 13 7 8 0 15 12 2
10 3 1 14 4 3 11 5 6 0 9 1 13 7 8 10 15 12 2
10 3 1 14 4 3 10 5 6 11 9 1 13 7 8 0 15 12 2
10 3 1 14 4 11 9 5 6 0 3 1 13 7 8 10 15 12 2
10 3 1 14 4 11 10 5 6 9 3 1 13 7 8 0 15 12 2
10 3 1 4 11 6 3 14 5 7 9 1 0 12 8 13 10 15 2
10 3 1 4 11 6 0 14 5 7 9 1 13 12 8 3 10 15 2
10 3 1 4 11 6 3 14 5 7 9 1 0 13 8 15 10 12 2
10 3 1 4 11 6 0 14 5 7 9 1 15 13 8 3 10 12 2
10 3 1 4 11 6 3 14 5 7 9 10 0 13 8 1 15 12 2
10 3 1 4 11 6 0 14 5 7 9 10 1 13 8 3 15 12 2
10 3 1 4 11 6 7 14 5 0 3 1 13 8 9 10 15 12 2
10 3 1 4 11 6 10 14 5 7 3 1 13 8 9 0 15 12 2
10 3 1 4 11 6 3 14 13 5 9 1 0 7 8 15 10 12 2
10 3 1 4 11 6 0 14 13 5 9 1 15 7 8 3 10 12 2
10 3 1 4 11 6 3 14 13 5 9 10 0 7 8 1 15 12 2
10 3 1 4 11 6 0 14 13 5 9 10 1 7 8 3 15 12 2
10 3 1 4 6 3 5 14 11 0 9 1 13 7 8 10 15 12 2
10 3 1 4 6 3 10 14 11 5 9 1 13 7 8 0 15 12 2
10 3 1 4 11 6 3 1 14 5 9 10 0 7 8 13 15 12 2
10 3 1 4 11 6 0 1 14 5 9 10 13 7 8 3 15 12 2
10 3 1 4 11 9 3 14 5 0 6 1 13 7 8 10 15 12 2
10 3 1 4 11 9 10 14 5 3 6 1 13 7 8 0 15 12 2
10 2 1 4 5 11 3 14 13 6 9 1 15 8 2 0 12 7 10
10 2 1 4 5 11 3 14 13 6 9 10 1 7 8 0 12 2 15
10 2 1 4 5 11 3 14 13 9 8 1 7 6 2 0 15 12 10
10 2 1 4 5 11 3 1 14 6 9 10 13 7 8 0 12 2 15
10 2 1 4 5 11 3 1 14 6 9 13 15 7 8 0 12 2 10
10 2 1 4 5 11 3 1 14 6 9 13 7 12 8 0 15 2 10
10 2 1 4 5 11 3 1 14 6 9 13 7 8 2 0 15 12 10
10 2 1 4 5 11 3 14 6 7 9 1 15 13 8 0 12 2 10
10 2 1 4 5 3 9 14 6 11 8 1 13 7 2 0 15 12 10
10 2 1 4 5 11 3 14 6 9 8 1 13 12 7 0 15 2 10
10 2 1 14 4 11 3 1 5 6 9 10 13 7 8 0 12 2 15
10 2 1 14 4 11 3 1 5 6 9 13 15 7 8 0 12 2 10
10 2 1 14 4 11 3 1 5 6 9 13 7 12 8 0 15 2 10
10 2 1 14 4 11 3 1 5 6 9 13 7 8 2 0 15 12 10
10 2 1 14 4 11 3 5 13 6 9 1 15 7 8 0 12 2 10
10 2 1 14 4 11 3 5 13 6 9 1 7 12 8 0 15 2 10
10 2 1 14 4 11 3 5 13 6 9 1 7 8 2 0 15 12 10
10 2 1 14 4 11 3 5 6 7 9 1 13 12 8 0 15 2 10
10 2 1 14 4 11 3 5 6 7 9 1 13 8 2 0 15 12 10
10 2 1 14 4 11 3 5 6 9 8 1 13 7 2 0 15 12 10
10 2 1 4 11 6 3 14 5 7 9 1 15 13 8 0 12 2 10
10 2 1 4 11 6 3 14 13 5 9 1 15 7 8 0 12 2 10
10 2 1 4 11 6 3 14 13 5 9 1 7 12 8 0 15 2 10
10 2 1 4 11 6 3 14 13 5 9 1 7 8 2 0 15 12 10
10 2 1 4 11 6 3 14 5 9 8 1 13 12 7 0 15 2 10
10 2 1 4 11 3 9 14 5 6 8 1 13 12 7 0 15 2 10
10 2 1 4 11 3 9 14 5 7 6 1 13 12 8 0 15 2 10
10 2 1 4 11 3 9 14 5 7 6 1 13 8 2 0 15 12 10
10 2 1 0 5 11 4 14 13 6 9 1 15 7 8 3 10 12 2
10 2 1 0 5 11 4 14 13 6 9 10 1 7 8 3 15 12 2
10 2 1 0 5 11 4 1 14 6 9 10 13 7 8 3 15 12 2
10 2 1 0 4 11 14 1 5 6 9 10 13 7 8 3 15 12 2
10 1 1 2 5 11 3 4 13 6 9 14 1 7 0 10 15 12 8
10 1 1 2 5 11 3 4 13 6 9 14 1 7 8 10 15 0 12
10 1 1 2 4 5 3 14 6 11 9 1 13 7 0 10 15 12 8
10 1 1 2 4 5 3 14 6 11 9 1 13 7 8 10 15 0 12
10 1 1 2 14 11 3 5 4 6 9 1 13 7 0 10 15 12 8
10 1 1 2 14 11 3 5 4 6 9 1 13 7 8 10 15 0 12
10 1 1 2 4 6 3 14 11 5 9 1 13 7 0 10 15 12 8
10 1 1 2 4 6 3 14 11 5 9 1 13 7 8 10 15 0 12
10 1 1 2 11 6 3 4 14 5 9 1 13 7 0 10 15 12 8
10 1 1 2 11 6 3 4 14 5 9 1 13 7 8 10 15 0 12
10 1 1 3 4 11 10 14 5 6 9 1 13 7 0 2 15 12 8
10 1 1 3 4 11 10 14 5 6 9 1 13 7 8 2 15 0 12
10 2 1 0 11 6 4 14 5 3 9 1 13 7 8 10 15 12 2
10 2 1 0 11 3 4 14 5 9 6 1 13 7 8 10 15 12 2
10 2 1 0 4 11 2 14 5 6 3 1 13 7 9 10 15 12 8
10 2 1 0 11 3 5 14 4 6 9 1 13 7 8 10 15 12 2
10 2 1 0 4 3 5 14 6 11 9 1 13 7 8 10 15 12 2
10 2 1 0 4 11 5 14 6 9 3 1 13 7 8 10 15 12 2
10 2 1 0 4 9 3 14 5 11 6 1 13 7 8 10 15 12 2
10 2 1 0 4 6 3 14 5 9 11 1 13 7 8 10 15 12 2
10 2 1 3 5 11 0 4 13 6 9 14 15 7 8 1 10 12 2
10 3 0 2 5 11 3 4 13 6 9 14 15 7 8 1 10 12 0
10 2 1 3 4 11 0 13 5 6 9 14 1 7 8 10 15 12 2
10 3 0 2 4 11 3 13 5 6 9 14 1 7 8 10 15 12 0
10 1 1 4 5 11 3 14 13 6 9 1 7 12 0 2 10 15 8
10 1 1 4 5 11 3 14 13 6 9 1 7 12 8 2 10 0 15
10 2 1 3 4 5 0 14 13 11 9 1 7 6 8 10 15 12 2
10 3 0 2 4 5 3 14 13 11 9 1 7 6 8 10 15 12 0
10 2 1 3 4 11 0 14 5 13 9 1 7 6 8 10 15 12 2
10 3 0 2 4 11 3 14 5 13 9 1 7 6 8 10 15 12 0
10 2 1 3 5 11 0 4 14 13 9 1 7 6 8 10 15 12 2
10 3 0 2 5 11 3 4 14 13 9 1 7 6 8 10 15 12 0
10 1 1 4 5 11 3 1 14 6 9 13 15 7 0 2 10 12 8
10 1 1 4 5 11 3 1 14 6 9 13 15 7 8 2 10 0 12
10 2 1 3 4 11 0 1 5 6 9 13 14 7 8 10 15 12 2
10 3 0 2 4 11 3 1 5 6 9 13 14 7 8 10 15 12 0
10 2 1 3 5 11 0 4 1 6 9 13 14 7 8 10 15 12 2
10 3 0 2 5 11 3 4 1 6 9 13 14 7 8 10 15 12 0
10 1 1 4 5 11 3 14 6 7 9 1 13 12 0 2 10 15 8
10 1 1 4 5 11 3 14 6 7 9 1 13 12 8 2 10 0 15
10 1 1 4 5 11 3 14 6 7 9 1 15 13 0 2 10 12 8
10 1 1 4 5 11 3 14 6 7 9 1 15 13 8 2 10 0 12
10 2 1 3 4 11 0 14 5 7 9 1 6 13 8 10 15 12 2
10 3 0 2 4 11 3 14 5 7 9 1 6 13 8 10 15 12 0
10 2 1 3 5 11 0 4 14 7 9 1 6 13 8 10 15 12 2
10 3 0 2 5 11 3 4 14 7 9 1 6 13 8 10 15 12 0
10 1 1 4 5 11 3 14 6 7 9 10 1 13 0 2 15 12 8
10 1 1 4 5 11 3 14 6 7 9 10 1 13 8 2 15 0 12
10 2 1 3 5 11 0 4 6 7 9 14 1 13 8 10 15 12 2
10 3 0 2 5 11 3 4 6 7 9 14 1 13 8 10 15 12 0
10 2 1 3 6 5 0 4 14 11 9 1 13 7 8 10 15 12 2
10 3 0 2 6 5 3 4 14 11 9 1 13 7 8 10 15 12 0
10 2 1 11 4 5 0 14 6 9 3 1 13 7 8 10 15 12 2
10 3 0 2 4 5 11 14 6 9 3 1 13 7 8 10 15 12 0
10 1 1 14 4 11 3 1 5 6 9 13 15 7 0 2 10 12 8
10 1 1 14 4 11 3 1 5 6 9 13 15 7 8 2 10 0 12
10 2 1 3 14 11 0 1 4 6 9 13 5 7 8 10 15 12 2
10 3 0 2 14 11 3 1 4 6 9 13 5 7 8 10 15 12 0
10 2 1 3 4 11 0 14 1 6 9 13 5 7 8 10 15 12 2
10 3 0 2 4 11 3 14 1 6 9 13 5 7 8 10 15 12 0
10 1 1 14 4 11 3 5 13 6 9 1 15 7 0 2 10 12 8
10 1 1 14 4 11 3 5 13 6 9 1 15 7 8 2 10 0 12
10 1 1 14 4 11 3 5 13 6 9 10 1 7 0 2 15 12 8
10 1 1 14 4 11 3 5 13 6 9 10 1 7 8 2 15 0 12
10 2 1 3 4 11 0 14 13 6 9 5 1 7 8 10 15 12 2
10 3 0 2 4 11 3 14 13 6 9 5 1 7 8 10 15 12 0
10 2 1 3 14 4 0 5 6 11 9 1 13 7 8 10 15 12 2
10 3 0 2 14 4 3 5 6 11 9 1 13 7 8 10 15 12 0
10 1 1 4 11 6 3 14 5 7 9 1 13 12 0 2 10 15 8
10 1 1 4 11 6 3 14 5 7 9 1 13 12 8 2 10 0 15
10 1 1 4 11 6 3 14 5 7 9 1 15 13 0 2 10 12 8
10 1 1 4 11 6 3 14 5 7 9 1 15 13 8 2 10 0 12
10 2 1 3 4 6 0 14 11 7 9 1 5 13 8 10 15 12 2
10 3 0 2 4 6 3 14 11 7 9 1 5 13 8 10 15 12 0
10 2 1 3 11 6 0 4 14 7 9 1 5 13 8 10 15 12 2
10 3 0 2 11 6 3 4 14 7 9 1 5 13 8 10 15 12 0
10 1 1 4 11 6 3 14 5 7 9 10 1 13 0 2 15 12 8
10 1 1 4 11 6 3 14 5 7 9 10 1 13 8 2 15 0 12
10 2 1 3 11 6 0 4 5 7 9 14 1 13 8 10 15 12 2
10 3 0 2 11 6 3 4 5 7 9 14 1 13 8 10 15 12 0
10 1 1 4 11 6 3 14 13 5 9 1 15 7 0 2 10 12 8
10 1 1 4 11 6 3 14 13 5 9 1 15 7 8 2 10 0 12
10 1 1 4 11 6 3 14 13 5 9 10 1 7 0 2 15 12 8
10 1 1 4 11 6 3 14 13 5 9 10 1 7 8 2 15 0 12
10 2 1 3 11 6 0 4 13 5 9 14 1 7 8 10 15 12 2
10 3 0 2 11 6 3 4 13 5 9 14 1 7 8 10 15 12 0
10 1 1 4 11 6 3 1 14 5 9 10 13 7 0 2 15 12 8
10 1 1 4 11 6 3 1 14 5 9 10 13 7 8 2 15 0 12
10 2 1 6 4 11 0 14 5 9 3 1 13 7 8 10 15 12 2
10 3 0 2 4 11 6 14 5 9 3 1 13 7 8 10 15 12 0
10 2 1 9 4 11 0 14 5 3 6 1 13 7 8 10 15 12 2
10 3 0 2 4 11 9 14 5 3 6 1 13 7 8 10 15 12 0
10 2 1 9 4 3 0 14 11 5 6 1 13 7 8 10 15 12 2
10 3 0 2 4 3 9 14 11 5 6 1 13 7 8 10 15 12 0
10 2 1 9 11 3 0 4 14 5 6 1 13 7 8 10 15 12 2
10 3 0 2 11 3 9 4 14 5 6 1 13 7 8 10 15 12 0
10 1 1 4 11 3 6 14 5 7 9 1 13 12 0 10 15 2 8
10 1 1 4 11 3 6 14 5 7 9 1 13 8 2 10 15 0 12
10 1 1 4 11 3 6 14 5 9 8 1 13 7 2 10 15 0 12
10 1 1 4 11 3 10 14 5 6 9 1 13 7 0 15 12 2 8
10 1 1 2 4 11 3 14 5 6 9 1 13 12 0 10 15 8 7
10 1 1 2 4 11 3 14 5 6 9 1 13 8 12 10 15 0 7
10 1 1 3 5 11 9 4 14 6 8 1 13 7 2 10 15 0 12
10 1 1 5 4 11 3 14 13 6 9 1 15 7 0 10 12 2 8
10 1 1 5 4 11 3 14 13 6 9 1 7 12 0 10 15 2 8
10 1 1 5 4 11 3 14 13 6 9 1 7 8 2 10 15 0 12
10 1 1 5 4 11 3 14 6 7 9 1 13 12 0 10 15 2 8
10 1 1 5 4 11 3 14 6 7 9 1 13 8 2 10 15 0 12
10 1 1 5 4 11 3 14 6 9 8 1 13 7 2 10 15 0 12
10 1 1 3 4 11 9 14 5 6 8 1 13 12 0 10 15 2 7
10 1 1 3 4 11 9 14 5 7 6 1 13 12 0 10 15 2 8
10 1 1 3 4 11 9 14 5 7 6 1 13 8 2 10 15 0 12
10 1 1 3 4 6 11 14 5 7 9 1 13 12 0 10 15 2 8
10 1 1 3 4 6 11 14 5 7 9 1 13 8 2 10 15 0 12
10 1 1 3 4 6 11 14 5 9 8 1 13 7 2 10 15 0 12
10 1 1 4 5 11 3 14 13 6 9 1 15 2 8 10 12 0 7
10 1 1 4 5 11 3 14 13 0 9 1 15 6 8 10 12 2 7
10 1 1 4 5 11 3 14 13 6 9 1 0 15 8 10 12 2 7
10 1 1 4 5 11 3 14 13 6 9 1 15 8 0 10 12 2 7
10 1 1 14 5 11 3 0 13 6 9 1 15 7 8 10 12 2 4
10 1 1 5 0 11 3 14 13 6 9 1 15 7 8 10 12 2 4
10 1 1 4 5 11 3 14 13 6 9 1 7 2 8 10 15 0 12
10 1 1 4 5 11 3 14 13 0 9 1 7 6 8 10 15 2 12
10 1 1 4 5 11 3 14 13 6 9 1 0 7 8 10 15 2 12
10 1 1 4 5 11 3 14 13 6 9 1 7 8 0 10 15 2 12
10 1 1 14 5 11 3 0 13 6 9 1 7 12 8 10 15 2 4
10 1 1 5 0 11 3 14 13 6 9 1 7 12 8 10 15 2 4
10 1 1 4 5 11 3 14 13 6 9 1 7 12 2 10 15 0 8
10 1 1 4 5 11 3 14 13 0 9 1 7 6 2 10 15 12 8
10 1 1 4 5 11 3 14 13 6 9 1 0 7 2 10 15 12 8
10 1 1 4 5 11 3 14 13 6 9 1 7 2 0 10 15 12 8
10 1 1 14 5 11 3 0 13 6 9 1 7 8 2 10 15 12 4
10 1 1 5 0 11 3 14 13 6 9 1 7 8 2 10 15 12 4
10 1 1 4 5 11 3 14 6 7 9 1 13 2 8 10 15 0 12
10 1 1 4 5 11 3 14 6 0 9 1 13 7 8 10 15 2 12
10 1 1 4 5 11 3 14 6 7 9 1 0 13 8 10 15 2 12
10 1 1 4 5 11 3 14 6 7 9 1 13 8 0 10 15 2 12
10 1 1 14 5 11 3 0 6 7 9 1 13 12 8 10 15 2 4
10 1 1 5 0 11 3 14 6 7 9 1 13 12 8 10 15 2 4
10 1 1 4 5 11 3 14 6 7 9 1 13 12 2 10 15 0 8
10 1 1 4 5 11 3 14 6 0 9 1 13 7 2 10 15 12 8
10 1 1 4 5 11 3 14 6 7 9 1 0 13 2 10 15 12 8
10 1 1 4 5 11 3 14 6 7 9 1 13 2 0 10 15 12 8
10 1 1 14 5 11 3 0 6 7 9 1 13 8 2 10 15 12 4
10 1 1 5 0 11 3 14 6 7 9 1 13 8 2 10 15 12 4
10 1 1 4 5 11 3 14 6 9 8 1 13 12 2 10 15 0 7
10 1 1 4 5 11 3 14 6 0 8 1 13 9 2 10 15 12 7
10 1 1 4 5 11 3 14 6 9 8 1 0 13 2 10 15 12 7
10 1 1 4 5 11 3 14 6 9 8 1 13 2 0 10 15 12 7
10 1 1 14 5 11 3 0 6 9 8 1 13 7 2 10 15 12 4
10 1 1 5 0 11 3 14 6 9 8 1 13 7 2 10 15 12 4
10 1 1 4 11 6 3 14 5 7 9 1 13 2 8 10 15 0 12
10 1 1 4 11 6 3 14 5 0 9 1 13 7 8 10 15 2 12
10 1 1 4 11 6 3 14 5 7 9 1 0 13 8 10 15 2 12
10 1 1 4 11 6 3 14 5 7 9 1 13 8 0 10 15 2 12
10 1 1 14 11 6 3 0 5 7 9 1 13 12 8 10 15 2 4
10 1 1 11 0 6 3 14 5 7 9 1 13 12 8 10 15 2 4
10 1 1 4 11 6 3 14 5 7 9 1 13 12 2 10 15 0 8
10 1 1 4 11 6 3 14 5 0 9 1 13 7 2 10 15 12 8
10 1 1 4 11 6 3 14 5 7 9 1 0 13 2 10 15 12 8
10 1 1 4 11 6 3 14 5 7 9 1 13 2 0 10 15 12 8
10 1 1 14 11 6 3 0 5 7 9 1 13 8 2 10 15 12 4
10 1 1 11 0 6 3 14 5 7 9 1 13 8 2 10 15 12 4
10 1 1 4 11 6 3 14 5 9 8 1 13 12 2 10 15 0 7
10 1 1 4 11 6 3 14 5 0 8 1 13 9 2 10 15 12 7
10 1 1 4 11 6 3 14 5 9 8 1 0 13 2 10 15 12 7
10 1 1 4 11 6 3 14 5 9 8 1 13 2 0 10 15 12 7
10 1 1 14 11 6 3 0 5 9 8 1 13 7 2 10 15 12 4
10 1 1 11 0 6 3 14 5 9 8 1 13 7 2 10 15 12 4
10 1 1 4 11 3 9 14 5 6 8 1 13 12 2 10 15 0 7
10 1 1 4 11 3 9 14 5 0 8 1 13 6 2 10 15 12 7
10 1 1 4 11 3 9 14 5 6 8 1 0 13 2 10 15 12 7
10 1 1 4 11 3 9 14 5 6 8 1 13 2 0 10 15 12 7
10 1 1 14 11 3 9 0 5 6 8 1 13 7 2 10 15 12 4
10 1 1 11 0 3 9 14 5 6 8 1 13 7 2 10 15 12 4
10 1 1 4 11 3 10 14 5 6 9 1 15 7 8 13 0 12 2
10 1 1 4 11 3 10 14 0 6 9 1 5 7 8 13 15 12 2
10 1 1 4 11 3 10 14 5 6 9 0 1 7 8 13 15 12 2
10 1 1 4 11 3 10 14 5 6 9 1 7 0 8 13 15 12 2
10 1 1 3 5 11 6 4 14 7 9 1 13 0 8 10 15 12 2
10 1 1 3 5 0 6 4 14 11 9 1 13 7 8 10 15 12 2
10 1 1 3 5 11 6 4 0 14 9 1 13 7 8 10 15 12 2
10 1 1 3 5 11 6 4 14 9 0 1 13 7 8 10 15 12 2
10 1 1 3 5 11 10 4 14 6 9 0 13 7 8 1 15 12 2
10 1 1 3 5 11 10 4 14 6 9 1 13 7 8 15 0 12 2
10 2 0 3 5 11 10 4 14 6 9 1 13 7 8 2 15 12 0
10 1 1 2 5 11 3 4 14 6 9 0 13 7 8 1 15 12 10
10 1 1 2 5 11 3 4 14 6 9 1 13 7 8 15 0 12 10
10 1 1 13 5 11 3 4 1 6 9 14 0 7 8 10 15 12 2
10 1 1 13 0 11 3 4 5 6 9 14 1 7 8 10 15 12 2
10 1 1 13 5 11 3 0 4 6 9 14 1 7 8 10 15 12 2
10 1 1 13 5 11 3 4 6 0 9 14 1 7 8 10 15 12 2
10 1 1 6 4 5 3 14 13 11 9 1 0 7 8 10 15 12 2
10 1 1 6 0 5 3 14 4 11 9 1 13 7 8 10 15 12 2
10 1 1 6 4 5 3 0 14 11 9 1 13 7 8 10 15 12 2
10 1 1 6 4 5 3 14 11 0 9 1 13 7 8 10 15 12 2
10 1 1 4 14 11 3 5 13 6 9 1 0 7 8 10 15 12 2
10 1 1 4 14 11 3 0 5 6 9 1 13 7 8 10 15 12 2
10 1 1 4 14 11 3 5 6 0 9 1 13 7 8 10 15 12 2
10 1 1 11 4 6 3 14 13 5 9 1 0 7 8 10 15 12 2
10 1 1 11 0 6 3 14 4 5 9 1 13 7 8 10 15 12 2
10 1 1 11 4 6 3 0 14 5 9 1 13 7 8 10 15 12 2
10 1 1 11 4 6 3 14 5 0 9 1 13 7 8 10 15 12 2
10 1 1 14 11 6 3 4 13 5 9 1 0 7 8 10 15 12 2
10 1 1 14 0 6 3 4 11 5 9 1 13 7 8 10 15 12 2
10 1 1 14 11 6 3 0 4 5 9 1 13 7 8 10 15 12 2
10 1 1 14 11 6 3 4 5 0 9 1 13 7 8 10 15 12 2
10 1 1 3 4 11 9 14 5 6 8 0 13 7 2 1 15 12 10
10 1 1 3 4 11 9 14 5 6 8 1 13 7 2 15 0 12 10
10 1 1 2 11 3 4 14 5 6 0 1 13 7 9 10 15 12 8
10 1 1 2 11 3 4 14 5 6 9 1 13 0 7 10 15 12 8
10 1 1 2 11 3 4 14 5 6 9 1 13 0 8 10 15 7 12
10 1 1 2 11 3 4 14 5 6 9 1 13 7 8 10 0 15 12
10 1 1 4 11 3 10 14 5 6 0 1 13 7 9 2 15 12 8
10 1 1 4 11 3 10 14 5 6 9 1 13 0 7 2 15 12 8
10 1 1 4 11 3 10 14 5 6 9 1 13 0 8 2 15 7 12
10 1 1 4 11 3 10 14 5 6 9 1 13 7 8 2 0 15 12
10 1 1 3 5 11 9 14 4 6 0 1 13 7 8 10 15 12 2
10 1 1 3 5 0 11 14 4 6 9 1 13 7 8 10 15 12 2
10 1 1 3 4 11 9 5 14 6 0 1 13 7 8 10 15 12 2
10 1 1 3 4 0 11 5 14 6 9 1 13 7 8 10 15 12 2
10 1 1 14 5 3 4 0 13 11 9 1 7 6 8 10 15 12 2
10 1 1 5 0 3 4 14 13 11 9 1 7 6 8 10 15 12 2
10 1 1 14 5 11 4 0 13 9 3 1 7 6 8 10 15 12 2
10 1 1 5 0 11 4 14 13 9 3 1 7 6 8 10 15 12 2
10 1 1 14 5 11 4 0 13 6 3 1 7 8 9 10 15 12 2
10 1 1 5 0 11 4 14 13 6 3 1 7 8 9 10 15 12 2
10 1 1 4 11 3 5 0 14 6 9 1 13 7 8 10 15 12 2
10 1 1 11 0 3 5 4 14 6 9 1 13 7 8 10 15 12 2
10 1 1 14 5 11 4 0 6 7 3 1 13 8 9 10 15 12 2
10 1 1 5 0 11 4 14 6 7 3 1 13 8 9 10 15 12 2
10 1 1 5 11 3 14 0 4 6 9 1 13 7 8 10 15 12 2
10 1 1 11 0 3 14 5 4 6 9 1 13 7 8 10 15 12 2
10 1 1 5 4 3 14 0 6 11 9 1 13 7 8 10 15 12 2
10 1 1 4 0 3 14 5 6 11 9 1 13 7 8 10 15 12 2
10 1 1 5 4 11 14 0 6 9 3 1 13 7 8 10 15 12 2
10 1 1 4 0 11 14 5 6 9 3 1 13 7 8 10 15 12 2
10 1 1 14 11 6 4 0 5 7 3 1 13 8 9 10 15 12 2
10 1 1 11 0 6 4 14 5 7 3 1 13 8 9 10 15 12 2
10 1 1 14 6 3 4 0 11 5 9 1 13 7 8 10 15 12 2
10 1 1 6 0 3 4 14 11 5 9 1 13 7 8 10 15 12 2
10 1 1 14 11 9 4 0 5 3 6 1 13 7 8 10 15 12 2
10 1 1 11 0 9 4 14 5 3 6 1 13 7 8 10 15 12 2
10 1 1 4 5 11 3 14 13 6 9 1 15 0 2 10 12 8 7
10 1 1 4 5 11 3 14 13 6 9 1 15 8 2 10 0 12 7
10 1 1 4 5 11 3 14 13 6 0 10 1 7 9 15 12 2 8
10 1 1 4 5 11 3 14 13 6 9 10 1 0 7 15 12 2 8
10 1 1 4 5 11 3 14 13 9 8 1 7 0 2 10 15 6 12
10 1 1 4 5 11 3 14 13 9 8 1 7 6 2 10 0 15 12
10 1 1 4 5 11 3 1 14 6 0 10 13 7 9 15 12 2 8
10 1 1 4 5 11 3 1 14 6 9 10 13 0 7 15 12 2 8
10 1 1 4 5 11 3 1 14 6 0 13 15 7 9 10 12 2 8
10 1 1 4 5 11 3 1 14 6 9 13 15 0 7 10 12 2 8
10 1 1 4 5 11 3 1 14 6 0 13 7 12 9 10 15 2 8
10 1 1 4 5 11 3 1 14 6 9 13 7 0 12 10 15 2 8
10 1 1 4 5 11 3 1 14 6 9 13 7 0 2 10 15 8 12
10 1 1 4 5 11 3 1 14 6 9 13 7 8 2 10 0 15 12
10 1 1 4 5 11 3 14 6 7 0 1 15 13 9 10 12 2 8
10 1 1 4 5 11 3 14 6 7 9 1 15 0 13 10 12 2 8
10 1 1 4 5 3 9 14 6 11 8 1 13 0 2 10 15 7 12
10 1 1 4 5 3 9 14 6 11 8 1 13 7 2 10 0 15 12
10 1 1 4 5 11 3 14 6 9 0 1 13 12 8 10 15 2 7
10 1 1 4 5 11 3 14 6 9 8 1 13 0 12 10 15 2 7
10 1 1 14 4 11 3 1 5 6 0 10 13 7 9 15 12 2 8
10 1 1 14 4 11 3 1 5 6 9 10 13 0 7 15 12 2 8
10 1 1 14 4 11 3 1 5 6 0 13 15 7 9 10 12 2 8
10 1 1 14 4 11 3 1 5 6 9 13 15 0 7 10 12 2 8
10 1 1 14 4 11 3 1 5 6 0 13 7 12 9 10 15 2 8
10 1 1 14 4 11 3 1 5 6 9 13 7 0 12 10 15 2 8
10 1 1 14 4 11 3 1 5 6 9 13 7 0 2 10 15 8 12
10 1 1 14 4 11 3 1 5 6 9 13 7 8 2 10 0 15 12
10 1 1 14 4 11 3 5 13 6 0 1 15 7 9 10 12 2 8
10 1 1 14 4 11 3 5 13 6 9 1 15 0 7 10 12 2 8
10 1 1 14 4 11 3 5 13 6 0 1 7 12 9 10 15 2 8
10 1 1 14 4 11 3 5 13 6 9 1 7 0 12 10 15 2 8
10 1 1 14 4 11 3 5 13 6 9 1 7 0 2 10 15 8 12
10 1 1 14 4 11 3 5 13 6 9 1 7 8 2 10 0 15 12
10 1 1 14 4 11 3 5 6 7 0 1 13 12 9 10 15 2 8
10 1 1 14 4 11 3 5 6 7 9 1 13 0 12 10 15 2 8
10 1 1 14 4 11 3 5 6 7 9 1 13 0 2 10 15 8 12
10 1 1 14 4 11 3 5 6 7 9 1 13 8 2 10 0 15 12
10 1 1 14 4 11 3 5 6 9 8 1 13 0 2 10 15 7 12
10 1 1 14 4 11 3 5 6 9 8 1 13 7 2 10 0 15 12
10 1 1 4 11 6 3 14 5 7 0 1 15 13 9 10 12 2 8
10 1 1 4 11 6 3 14 5 7 9 1 15 0 13 10 12 2 8
10 1 1 4 11 6 3 14 13 5 0 1 15 7 9 10 12 2 8
10 1 1 4 11 6 3 14 13 5 9 1 15 0 7 10 12 2 8
10 1 1 4 11 6 3 14 13 5 0 1 7 12 9 10 15 2 8
10 1 1 4 11 6 3 14 13 5 9 1 7 0 12 10 15 2 8
10 1 1 4 11 6 3 14 13 5 9 1 7 0 2 10 15 8 12
10 1 1 4 11 6 3 14 13 5 9 1 7 8 2 10 0 15 12
10 1 1 4 11 6 3 14 5 9 0 1 13 12 8 10 15 2 7
10 1 1 4 11 6 3 14 5 9 8 1 13 0 12 10 15 2 7
10 1 1 4 11 3 9 14 5 6 0 1 13 12 8 10 15 2 7
10 1 1 4 11 3 9 14 5 6 8 1 13 0 12 10 15 2 7
