0 0 13 7 6 2 3 1 0 4 5
0 0 10 7 0 2 3 1 6 4 5
0 0 10 0 7 2 3 1 6 4 5
0 0 7 1 7 2 3 0 6 4 5
0 0 5 1 7 2 3 5 6 4 0
0 0 5 1 0 2 3 7 6 4 5
0 0 5 1 7 2 3 5 6 0 4
0 0 4 1 7 0 3 5 6 2 4
0 0 4 1 0 7 3 5 6 2 4
0 0 4 1 7 3 0 5 6 2 4
0 0 4 0 1 7 3 5 6 2 4
0 0 4 1 7 3 2 5 6 0 4
0 0 4 1 7 3 5 0 6 2 4
0 0 2 1 0 3 5 7 6 2 4
0 0 2 0 1 3 5 7 6 2 4
0 0 2 1 3 0 5 7 6 2 4
0 0 2 1 3 5 0 7 6 2 4
0 0 2 1 3 5 2 7 6 0 4
0 0 2 1 3 5 7 0 6 2 4
0 0 2 1 3 5 2 7 0 6 4
0 0 2 1 3 5 2 7 6 4 0
0 0 2 1 3 5 7 6 0 2 4
0 0 2 1 3 5 7 4 6 2 0
0 0 2 1 3 5 2 0 7 6 4
0 0 2 1 3 5 7 6 2 0 4
0 0 2 1 3 5 7 4 6 0 2
0 0 2 1 3 5 2 4 7 6 0
0 0 2 1 3 5 0 2 7 6 4
0 0 2 1 3 5 7 6 2 4 0
0 0 0 1 3 5 7 0 2 4 6
0 0 0 1 3 5 7 2 0 4 6
0 0 0 1 3 5 0 7 2 4 6
0 0 0 1 3 5 7 2 4 0 6
0 0 0 1 3 0 5 7 2 4 6
0 0 0 1 3 5 7 2 4 6 0
