0 0 8 1 6 7 5 0 3 2 4
0 0 6 1 0 7 5 6 3 2 4
0 0 3 1 3 7 5 6 0 2 4
0 0 3 1 3 7 5 0 6 2 4
0 0 3 1 3 7 5 6 2 0 4
0 0 3 1 3 7 5 4 6 2 0
0 0 3 1 3 7 0 5 6 2 4
0 0 3 1 3 7 5 6 2 4 0
0 0 1 1 3 7 5 0 2 4 6
0 0 1 1 3 7 5 2 0 4 6
0 0 1 1 3 7 0 5 2 4 6
0 0 1 1 3 7 5 2 4 0 6
0 0 1 1 3 0 7 5 2 4 6
0 0 1 1 3 7 5 2 4 6 0
0 0 1 1 0 3 7 5 2 4 6
0 0 1 0 1 3 7 5 2 4 6
0 0 2 1 3 0 5 2 4 7 6
0 0 2 5 1 3 7 0 2 4 6
0 0 2 1 0 3 5 2 4 7 6
0 0 2 1 3 5 0 2 4 7 6
0 0 0 1 3 5 7 2 4 0 6
0 0 0 1 3 5 7 2 0 4 6
0 0 0 1 3 5 7 2 4 6 0
