7 0 7 0 7 1 4 3 5 6 2
8 1 7 3 7 1 4 0 5 6 2
8 1 7 7 0 1 4 3 5 6 2
8 1 6 3 7 1 4 5 0 6 2
8 2 5 3 7 1 4 2 5 6 0
8 1 5 3 7 1 4 5 6 0 2
8 1 4 3 7 1 4 5 6 2 0
9 2 7 4 7 1 0 3 5 6 2
9 3 6 2 7 1 4 3 5 6 0
9 1 7 7 5 1 4 3 0 6 2
9 1 7 7 1 0 4 3 5 6 2
9 1 6 3 0 1 4 5 7 6 2
9 1 5 3 7 0 4 5 6 1 2
9 1 6 4 7 1 2 3 5 6 0
9 1 6 7 5 1 4 3 6 0 2
9 1 5 7 5 1 4 3 6 2 0
10 3 7 5 7 1 4 3 0 6 2
10 1 6 3 7 1 0 2 5 6 4
10 1 7 4 7 0 1 3 5 6 2
10 1 7 7 5 1 4 0 3 6 2
10 1 7 7 1 6 4 3 5 0 2
10 1 7 7 1 4 0 3 5 6 2
10 1 6 0 3 1 4 5 7 6 2
10 1 6 3 1 0 4 5 7 6 2
10 1 5 3 0 7 4 5 6 1 2
10 1 6 7 5 0 4 3 6 1 2
10 1 6 5 7 1 4 3 6 0 2
10 2 5 7 5 1 4 2 3 6 0
10 1 6 7 1 6 4 3 5 2 0
10 1 6 7 1 4 2 3 5 6 0
10 1 5 5 7 1 4 3 6 2 0
11 3 7 3 0 1 4 7 5 6 2
11 3 7 3 7 1 0 4 5 6 2
11 1 7 3 7 1 4 2 5 0 6
11 1 6 3 7 1 0 5 6 2 4
11 1 7 2 7 1 0 3 5 6 4
11 1 7 2 7 1 4 3 5 0 6
11 1 6 3 7 4 0 5 6 1 2
11 1 7 5 0 1 4 3 7 6 2
11 1 7 5 7 1 4 0 3 6 2
11 1 6 3 7 0 1 2 5 6 4
11 1 7 4 0 7 1 3 5 6 2
11 1 7 0 5 1 4 7 3 6 2
11 1 7 7 1 6 4 3 0 5 2
11 2 6 0 1 4 7 3 5 6 2
11 1 6 5 3 1 4 0 7 6 2
11 1 6 3 1 6 4 5 7 0 2
11 1 5 0 3 7 4 5 6 1 2
11 1 6 7 0 5 4 3 6 1 2
11 1 6 5 7 0 4 3 6 1 2
11 1 6 0 3 1 4 7 5 6 2
11 1 6 3 7 1 2 4 5 6 0
11 1 5 3 7 4 2 5 6 1 0
11 1 6 0 7 1 4 5 3 6 2
11 2 5 5 7 1 4 2 3 6 0
11 1 5 1 0 4 7 3 5 6 2
11 2 4 5 3 1 4 2 7 6 0
11 1 5 3 1 6 4 5 0 7 2
11 1 5 3 1 6 4 5 7 2 0
12 3 6 3 7 0 4 2 5 6 1
12 3 6 0 7 1 4 2 5 6 3
12 2 6 3 7 1 4 0 6 2 5
12 3 5 3 7 0 4 5 6 2 1
12 3 5 0 7 1 4 5 6 2 3
12 3 7 4 7 1 3 0 5 6 2
12 2 7 2 7 1 4 0 5 6 3
12 1 8 4 7 1 2 3 5 0 6
12 2 7 4 7 1 2 0 5 6 3
12 1 7 7 5 1 0 3 6 2 4
12 2 6 7 5 1 4 0 6 2 3
12 2 6 0 7 1 3 2 5 6 4
12 1 8 4 7 6 1 3 5 0 2
12 3 6 7 0 1 4 5 3 6 2
12 2 6 4 3 1 0 5 7 6 2
12 3 5 2 3 1 4 5 7 6 0
12 1 7 3 1 4 0 5 7 6 2
12 1 6 3 6 7 4 5 0 1 2
12 1 7 7 5 4 0 3 6 1 2
12 1 6 7 5 1 0 2 3 6 4
12 1 7 3 5 1 4 7 0 6 2
12 1 7 3 1 0 4 7 5 6 2
12 1 7 3 7 0 1 4 5 6 2
12 1 7 3 7 0 4 2 5 1 6
12 1 7 3 7 1 4 2 0 5 6
12 1 6 3 7 0 1 5 6 2 4
12 1 7 2 7 0 1 3 5 6 4
12 1 7 2 7 0 4 3 5 1 6
12 1 7 2 7 1 4 3 0 5 6
12 1 7 0 5 1 4 3 7 6 2
12 1 7 5 1 0 4 3 7 6 2
12 1 6 3 0 7 1 2 5 6 4
12 1 7 4 5 7 1 3 0 6 2
12 1 7 0 4 7 1 3 5 6 2
12 1 7 5 0 1 4 7 3 6 2
12 1 7 7 0 6 4 3 1 5 2
12 1 7 7 1 6 4 0 3 5 2
12 1 6 3 1 4 7 0 5 6 2
12 1 6 5 3 1 4 7 0 6 2
12 1 6 0 7 5 4 3 6 1 2
12 1 6 5 0 7 4 3 6 1 2
12 1 6 7 3 1 4 0 5 6 2
12 1 5 1 5 4 7 3 0 6 2
12 1 5 1 4 0 7 3 5 6 2
12 1 5 3 0 6 4 5 1 7 2
12 2 5 4 7 1 3 2 5 6 0
12 1 6 2 7 1 4 5 0 6 3
12 1 7 4 7 6 1 3 5 2 0
12 1 5 4 3 1 2 5 7 6 0
12 1 6 3 1 4 2 5 7 6 0
12 1 6 7 5 4 2 3 6 1 0
12 1 6 3 5 1 4 7 6 0 2
12 1 5 0 3 7 1 2 5 6 4
12 2 4 3 1 4 7 2 5 6 0
12 2 4 7 3 1 4 2 5 6 0
12 1 5 2 7 1 4 5 6 0 3
12 1 5 3 5 1 4 7 6 2 0
12 1 4 2 7 1 4 5 6 3 0
13 3 8 4 7 1 6 3 5 0 2
13 3 7 2 7 0 4 3 5 6 1
13 3 7 4 7 0 2 3 5 6 1
13 3 7 0 7 1 2 3 5 6 4
13 3 6 7 5 0 4 3 6 2 1
13 3 6 0 5 1 4 3 6 2 7
13 3 7 7 5 1 0 4 3 6 2
13 3 7 7 1 4 3 0 5 6 2
13 3 6 7 3 1 4 5 0 6 2
13 1 7 7 5 1 4 2 3 0 6
13 1 8 7 1 6 0 3 5 2 4
13 2 7 7 1 6 4 0 5 2 3
13 1 8 7 1 4 2 3 5 0 6
13 2 7 7 1 4 2 0 5 6 3
13 1 7 5 7 1 0 3 6 2 4
13 2 6 5 7 1 4 0 6 2 3
13 2 7 0 7 1 3 4 5 6 2
13 2 6 0 7 1 3 5 6 2 4
13 2 6 0 7 4 3 5 6 1 2
13 1 7 3 7 6 1 2 5 0 4
13 2 7 4 5 1 0 7 3 6 2
13 3 6 2 5 1 4 7 3 6 0
13 3 5 2 1 4 7 3 5 6 0
13 1 6 5 3 7 4 0 6 1 2
13 3 4 2 3 7 4 5 6 1 0
13 1 7 7 6 5 4 3 0 1 2
13 1 7 5 7 4 0 3 6 1 2
13 2 6 4 3 1 0 7 5 6 2
13 3 5 2 3 1 4 7 5 6 0
13 1 6 3 7 4 2 5 6 0 1
13 3 5 2 7 1 4 5 3 6 0
13 1 6 5 7 1 0 2 3 6 4
13 1 5 5 3 1 0 2 7 6 4
13 1 6 3 1 6 4 0 5 7 2
13 1 6 3 0 7 4 2 5 6 1
13 1 6 3 7 4 0 2 5 6 1
13 1 6 7 0 1 4 2 5 6 3
13 1 6 0 7 1 4 3 6 2 5
13 1 5 3 7 2 4 5 6 0 1
13 1 5 3 0 7 4 5 6 2 1
13 1 5 7 0 1 4 5 6 2 3
13 1 7 4 7 1 3 5 0 6 2
13 1 8 4 7 0 2 3 5 1 6
13 1 8 4 7 1 2 3 0 5 6
13 1 7 0 7 1 2 4 5 6 3
13 1 7 4 7 1 2 5 0 6 3
13 1 7 7 5 0 1 3 6 2 4
13 1 6 0 5 1 4 7 6 2 3
13 1 6 7 0 1 3 2 5 6 4
13 1 8 4 7 6 1 3 0 5 2
13 1 6 7 1 0 4 5 3 6 2
13 1 6 4 3 0 1 5 7 6 2
13 1 6 3 6 7 4 5 1 0 2
13 1 6 7 5 0 1 2 3 6 4
13 2 5 0 5 1 7 2 3 6 4
13 1 7 3 5 1 4 0 7 6 2
13 1 7 3 1 6 4 7 5 0 2
13 1 7 3 1 4 0 7 5 6 2
13 1 7 3 0 7 1 4 5 6 2
13 1 7 3 0 7 4 2 5 1 6
13 1 7 3 7 4 0 2 5 1 6
13 1 7 3 0 1 4 2 7 5 6
13 1 7 3 7 1 4 0 2 5 6
13 1 6 3 7 2 1 5 6 0 4
13 1 6 3 0 7 1 5 6 2 4
13 1 7 2 0 7 1 3 5 6 4
13 1 7 2 0 7 4 3 5 1 6
13 1 7 2 0 1 4 3 7 5 6
13 1 7 2 7 1 4 0 3 5 6
13 1 7 5 1 6 4 3 7 0 2
13 1 7 5 1 4 0 3 7 6 2
13 1 6 3 5 7 1 2 0 6 4
13 1 7 4 5 7 1 0 3 6 2
13 1 7 4 5 7 1 3 6 0 2
13 1 7 3 4 7 1 0 5 6 2
13 2 6 1 4 7 0 3 5 6 2
13 1 7 5 1 0 4 7 3 6 2
13 1 7 0 7 6 4 3 1 5 2
13 1 7 7 6 0 4 3 1 5 2
13 1 7 0 1 6 4 7 3 5 2
13 2 6 7 1 6 4 2 3 5 0
13 1 6 3 1 4 7 5 0 6 2
13 1 6 5 3 1 4 7 6 0 2
13 1 6 3 7 5 4 0 6 1 2
13 1 6 0 5 7 4 3 6 1 2
13 1 5 1 5 4 7 0 3 6 2
13 1 5 0 3 6 4 5 1 7 2
13 1 5 3 6 0 4 5 1 7 2
13 1 6 2 0 1 4 5 7 6 3
13 1 6 3 5 0 4 7 6 1 2
13 2 4 1 3 7 0 2 5 6 4
13 1 5 2 7 0 4 5 6 1 3
13 1 7 4 7 1 6 3 5 2 0
13 1 6 7 5 1 2 4 3 6 0
13 2 5 7 1 4 3 2 5 6 0
13 1 5 7 3 1 4 5 6 0 2
13 1 6 7 1 6 4 5 0 2 3
13 1 6 3 7 6 1 2 5 4 0
13 1 6 4 5 1 2 7 3 6 0
13 1 6 5 7 4 2 3 6 1 0
13 1 5 4 3 1 2 7 5 6 0
13 1 5 0 3 7 4 2 5 6 1
13 1 5 3 7 4 1 2 5 6 0
13 1 4 3 7 2 4 5 6 1 0
13 1 6 4 7 1 3 5 6 0 2
13 1 6 4 7 1 2 5 6 0 3
13 1 5 3 6 7 4 5 1 2 0
13 1 5 7 0 5 1 2 3 6 4
13 2 5 3 5 1 4 2 7 6 0
13 1 6 3 1 6 4 7 5 2 0
13 1 6 3 1 4 2 7 5 6 0
13 1 6 0 3 7 1 4 5 6 2
13 1 6 0 3 7 4 2 5 1 6
13 1 6 3 7 4 6 2 5 1 0
13 1 6 0 3 1 4 2 7 5 6
13 1 5 3 7 2 1 5 6 4 0
13 1 6 0 2 7 4 3 5 1 6
13 1 6 0 2 1 4 3 7 5 6
13 1 6 5 1 6 4 3 0 7 2
13 1 6 5 1 6 4 3 7 2 0
13 1 6 5 1 4 2 3 7 6 0
13 2 5 4 5 7 1 2 3 6 0
13 1 6 4 5 0 1 3 6 7 2
13 1 6 4 5 7 1 3 6 2 0
13 2 5 3 4 7 1 2 5 6 0
13 1 5 1 4 7 2 3 5 6 0
13 1 6 1 0 6 4 7 3 5 2
13 1 5 5 3 1 4 7 6 2 0
13 2 3 1 5 4 7 2 3 6 0
13 1 5 0 2 1 4 5 7 6 3
13 1 3 1 3 7 4 2 5 6 0
13 1 3 1 3 0 7 2 5 6 4
13 1 4 7 3 1 4 5 6 2 0
13 1 5 4 7 1 3 5 6 2 0
13 1 5 4 7 1 2 5 6 3 0
13 1 4 7 3 5 1 2 0 6 4
14 3 7 3 7 1 6 2 5 0 4
14 3 7 3 7 1 2 0 5 6 4
14 3 8 7 1 4 6 3 5 0 2
14 3 6 7 5 0 4 2 3 6 1
14 3 6 0 5 1 4 2 3 6 7
14 3 7 7 1 0 4 3 5 2 6
14 3 7 0 1 6 4 3 5 2 7
14 3 7 7 1 0 2 3 5 6 4
14 3 7 0 1 4 2 3 5 6 7
14 3 6 5 7 0 4 3 6 2 1
14 3 6 3 7 1 2 5 6 0 4
14 3 7 2 7 1 3 0 5 6 4
14 3 6 3 7 4 1 5 6 0 2
14 3 7 5 7 1 0 4 3 6 2
14 3 6 5 1 4 7 3 0 6 2
14 3 6 5 3 1 0 4 7 6 2
14 2 6 4 3 7 0 5 6 1 2
14 1 8 3 7 1 2 4 5 0 6
14 2 7 4 7 1 0 5 3 6 2
14 1 7 5 7 1 4 2 3 0 6
14 1 6 5 3 1 4 2 7 0 6
14 1 7 3 1 6 0 5 7 2 4
14 1 7 3 7 6 4 2 5 0 1
14 2 6 4 7 1 0 2 5 6 3
14 1 7 3 7 1 4 6 0 2 5
14 1 6 3 7 4 0 5 6 2 1
14 2 7 0 5 1 7 3 6 2 4
14 1 7 7 5 1 4 6 0 2 3
14 1 6 2 3 1 0 5 7 6 4
14 1 6 2 3 1 4 5 7 0 6
14 2 7 0 1 4 3 5 7 6 2
14 1 7 3 6 7 4 0 5 1 2
14 2 7 0 5 4 7 3 6 1 2
14 1 8 3 7 6 1 4 5 0 2
14 1 8 2 7 6 1 3 5 0 4
14 1 8 2 7 4 0 3 5 1 6
14 2 7 4 5 1 0 3 7 6 2
14 3 6 2 5 1 4 3 7 6 0
14 3 6 2 4 7 1 3 5 6 0
14 3 5 2 7 5 4 3 6 1 0
14 1 7 5 6 7 4 3 0 1 2
14 1 6 1 5 4 7 3 6 0 2
14 1 6 1 4 6 7 3 5 0 2
14 1 8 4 7 6 0 3 5 2 1
14 1 7 3 1 4 2 5 7 0 6
14 1 7 7 5 4 2 3 6 0 1
14 1 6 2 3 7 1 0 5 6 4
14 3 4 4 3 7 1 2 5 6 0
14 1 5 7 3 1 0 2 5 6 4
14 1 8 4 7 0 6 3 5 1 2
14 1 8 4 7 1 6 3 0 5 2
14 1 7 2 7 6 4 3 5 0 1
14 1 7 2 0 7 4 3 5 6 1
14 1 7 2 7 4 0 3 5 6 1
14 1 7 4 0 7 2 3 5 6 1
14 1 7 4 7 2 0 3 5 6 1
14 1 7 7 0 1 2 3 5 6 4
14 1 6 7 5 2 4 3 6 0 1
14 1 6 7 0 5 4 3 6 2 1
14 1 6 3 5 1 4 0 6 2 7
14 1 6 5 0 1 4 3 6 2 7
14 1 7 7 5 0 1 4 3 6 2
14 2 6 0 5 1 7 4 3 6 2
14 1 7 0 1 4 3 7 5 6 2
14 1 7 7 1 4 3 5 0 6 2
14 1 7 7 5 0 4 2 3 1 6
14 1 7 7 5 1 4 2 0 3 6
14 1 8 7 1 0 6 3 5 2 4
14 2 7 0 1 6 7 3 5 2 4
14 1 7 0 1 6 4 7 5 2 3
14 1 8 7 1 0 2 3 5 4 6
14 1 8 7 1 4 2 3 0 5 6
14 1 7 0 1 4 2 7 5 6 3
14 1 7 7 1 4 2 5 0 6 3
14 1 7 5 7 0 1 3 6 2 4
14 1 7 7 0 1 3 4 5 6 2
14 1 6 7 0 1 3 5 6 2 4
14 1 6 7 0 4 3 5 6 1 2
14 1 7 3 7 6 1 2 0 5 4
14 1 7 4 5 0 1 7 3 6 2
14 2 5 5 3 7 4 2 6 1 0
14 1 7 7 6 5 4 0 3 1 2
14 1 7 7 6 5 4 3 1 0 2
14 1 6 4 3 0 1 7 5 6 2
14 1 6 3 7 0 2 5 6 4 1
14 1 6 5 7 0 1 2 3 6 4
14 1 5 5 3 0 1 2 7 6 4
14 1 6 0 1 6 4 3 5 7 2
14 2 5 3 1 6 4 2 5 7 0
14 1 6 3 5 7 4 2 0 6 1
14 1 6 7 5 1 4 2 0 6 3
14 1 6 7 1 0 4 2 5 6 3
14 1 6 7 0 1 4 3 6 2 5
14 1 5 0 3 7 4 5 6 2 1
14 1 5 7 1 0 4 5 6 2 3
14 1 7 4 0 1 3 5 7 6 2
14 1 8 4 0 7 2 3 5 1 6
14 1 8 4 7 2 0 3 5 1 6
14 1 8 4 0 1 2 3 7 5 6
14 1 8 4 7 1 2 0 3 5 6
14 1 7 7 0 1 2 4 5 6 3
14 1 7 4 0 1 2 5 7 6 3
14 1 7 7 5 2 1 3 6 0 4
14 1 7 7 0 5 1 3 6 2 4
14 1 6 5 0 1 4 7 6 2 3
14 1 6 7 5 1 3 2 0 6 4
14 1 6 7 1 0 3 2 5 6 4
14 1 8 4 0 6 1 3 7 5 2
14 1 8 4 7 6 1 0 3 5 2
14 1 6 7 1 6 4 5 3 0 2
14 1 6 4 0 3 1 5 7 6 2
14 1 5 5 0 1 7 2 3 6 4
14 1 7 3 1 6 4 7 0 5 2
14 1 7 3 5 7 1 4 0 6 2
14 1 7 3 5 7 4 2 0 1 6
14 1 7 3 1 0 4 2 7 5 6
14 1 7 0 7 1 4 3 2 5 6
14 2 6 3 7 1 4 6 2 5 0
14 1 6 0 3 7 1 5 6 2 4
14 1 7 2 5 7 1 3 0 6 4
14 1 7 0 2 7 1 3 5 6 4
14 1 7 2 5 7 4 3 0 1 6
14 1 7 2 1 0 4 3 7 5 6
14 1 7 0 7 1 4 2 3 5 6
14 2 6 2 7 1 4 6 3 5 0
14 1 7 0 5 7 1 4 3 6 2
14 1 7 3 4 7 1 5 0 6 2
14 1 7 5 1 6 4 7 3 0 2
14 1 7 5 1 4 0 7 3 6 2
14 1 7 3 7 6 4 0 1 5 2
14 1 6 3 0 4 7 5 1 6 2
14 1 6 3 1 4 7 5 6 0 2
14 1 6 5 3 0 4 7 6 1 2
14 2 5 3 7 5 4 2 6 1 0
14 1 6 3 5 7 4 0 6 1 2
14 1 6 2 1 0 4 5 7 6 3
14 1 6 3 0 5 4 7 6 1 2
14 1 5 2 0 7 4 5 6 1 3
14 1 5 7 3 0 4 5 6 1 2
14 1 6 7 0 6 4 5 1 2 3
14 1 6 7 1 6 4 5 2 0 3
14 1 6 4 7 0 3 5 6 1 2
14 1 6 4 7 0 2 5 6 1 3
14 1 5 0 7 5 1 2 3 6 4
14 1 6 4 3 7 1 0 5 6 2
14 2 5 1 3 7 0 4 5 6 2
14 1 6 3 2 7 4 0 5 1 6
14 1 6 3 2 1 4 0 7 5 6
14 1 6 5 0 6 4 3 1 7 2
14 1 6 5 1 6 4 0 3 7 2
14 1 6 4 0 5 1 3 6 7 2
14 1 6 4 5 1 0 3 6 7 2
14 1 6 1 3 6 4 7 0 5 2
14 1 6 1 6 0 4 7 3 5 2
14 1 6 3 7 1 6 2 5 4 0
14 1 7 7 1 4 6 3 5 2 0
14 1 5 7 0 5 4 2 3 6 1
14 1 6 1 0 6 4 3 5 2 7
14 1 6 1 0 4 2 3 5 6 7
14 1 5 3 7 1 2 5 6 4 0
14 1 5 3 7 4 1 5 6 2 0
14 1 6 5 7 1 2 4 3 6 0
14 1 5 5 3 1 2 4 7 6 0
14 1 5 4 3 7 2 5 6 1 0
14 1 6 4 7 1 2 5 3 6 0
14 1 6 3 7 6 4 2 5 1 0
14 1 5 2 3 1 4 5 0 7 6
14 1 6 1 0 4 3 5 7 6 2
14 1 7 3 7 6 1 4 5 2 0
14 1 7 2 7 6 1 3 5 4 0
14 1 7 2 7 4 6 3 5 1 0
14 1 6 4 5 1 2 3 7 6 0
14 1 5 1 5 4 7 3 6 2 0
14 1 5 1 4 6 7 3 5 2 0
14 1 6 3 1 4 2 5 0 7 6
14 1 6 2 7 6 4 3 5 1 0
14 1 6 0 2 7 4 3 5 6 1
14 1 6 2 7 4 1 3 5 6 0
14 1 6 4 7 2 1 3 5 6 0
14 1 5 7 5 2 4 3 6 1 0
14 1 6 7 0 5 1 4 3 6 2
14 1 6 1 0 4 3 7 5 6 2
14 1 6 7 1 4 3 5 6 0 2
14 1 6 7 0 5 4 2 3 1 6
14 1 6 1 0 6 7 3 5 2 4
14 1 6 1 0 6 4 7 5 2 3
14 1 6 1 0 4 2 7 5 6 3
14 1 6 7 1 4 2 5 6 0 3
14 1 6 4 0 5 1 7 3 6 2
14 2 5 7 6 5 4 2 3 1 0
14 1 6 7 6 5 4 3 1 2 0
14 1 5 1 0 6 4 3 5 7 2
14 1 7 4 7 2 6 3 5 1 0
14 1 6 7 5 2 1 3 6 4 0
14 2 6 4 7 6 1 2 3 5 0
14 1 5 7 1 6 4 5 3 2 0
14 1 4 5 3 1 7 2 0 6 4
14 1 6 3 5 7 1 0 4 6 2
14 1 6 3 1 5 4 2 7 0 6
13 1 4 3 1 5 4 2 7 6 0
14 1 6 3 0 7 1 5 4 6 2
14 1 6 3 4 7 1 5 6 0 2
14 1 6 5 1 6 4 7 3 2 0
14 1 6 5 1 4 2 7 3 6 0
14 1 5 0 3 4 7 5 1 6 2
14 1 5 3 1 4 7 5 6 2 0
14 1 5 5 0 3 4 7 6 1 2
14 1 4 0 2 7 4 5 6 1 3
14 1 4 7 0 3 4 5 6 1 2
14 1 5 7 1 6 4 5 2 3 0
14 1 5 4 7 3 0 5 6 1 2
14 1 4 1 3 7 2 4 5 6 0
14 1 4 1 3 0 7 4 5 6 2
14 1 5 3 2 7 4 5 0 1 6
14 1 5 0 1 6 4 5 3 7 2
14 1 5 4 5 1 2 3 6 7 0
14 1 4 7 3 5 4 2 0 6 1
14 1 5 7 3 5 1 4 0 6 2
14 1 5 7 1 4 3 5 6 2 0
14 1 5 7 3 5 4 2 0 1 6
14 1 5 7 1 4 2 5 6 3 0
14 1 5 4 3 5 1 7 0 6 2
14 2 4 3 5 7 1 2 4 6 0
14 1 5 0 3 7 1 5 4 6 2
14 1 5 3 4 0 1 5 6 7 2
14 1 5 3 4 7 1 5 6 2 0
14 1 4 4 7 3 2 5 6 1 0
14 1 4 1 0 6 4 5 3 7 2
14 1 4 7 3 5 1 0 4 6 2
14 2 2 7 3 5 1 2 4 6 0
15 3 8 3 7 1 6 4 5 0 2
15 3 7 3 7 1 5 0 6 2 4
15 3 8 2 7 1 6 3 5 0 4
15 3 7 3 7 4 5 0 6 1 2
15 3 6 6 3 7 4 5 0 1 2
15 3 7 3 7 0 2 4 5 6 1
15 2 7 3 7 4 2 0 6 1 5
15 3 6 3 7 0 2 5 6 1 4
15 3 6 0 7 4 2 5 6 1 3
15 3 6 5 7 0 4 2 3 6 1
15 3 6 0 7 1 4 2 3 6 5
15 3 5 5 3 0 4 2 7 6 1
15 3 5 0 3 1 4 2 7 6 5
15 2 7 3 1 6 4 0 7 2 5
15 3 6 3 1 0 4 5 7 2 6
15 3 6 0 1 6 4 5 7 2 3
15 3 6 5 7 1 4 2 0 6 3
15 3 6 3 0 1 4 7 6 2 5
15 2 6 4 7 1 0 5 6 2 3
15 3 7 4 0 1 3 7 5 6 2
15 3 7 2 0 1 4 7 5 6 3
15 3 7 2 7 1 0 4 5 6 3
15 3 7 4 0 1 2 7 5 6 3
15 3 7 7 5 1 2 3 6 0 4
15 3 7 7 5 1 3 0 6 2 4
15 3 6 5 7 1 3 2 0 6 4
15 3 6 4 3 1 5 0 7 6 2
15 2 6 2 3 1 4 0 7 6 5
15 3 7 3 1 4 6 5 7 0 2
15 3 7 3 1 4 5 0 7 6 2
15 3 7 7 5 4 1 3 6 0 2
15 3 7 7 5 4 3 0 6 1 2
15 3 7 5 4 7 1 3 0 6 2
15 3 7 7 0 6 4 1 3 5 2
15 3 6 3 0 4 7 1 5 6 2
15 2 7 4 7 5 0 3 6 1 2
15 3 6 7 3 1 0 4 5 6 2
15 1 7 4 7 1 3 2 5 0 6
15 2 8 4 7 6 1 0 5 2 3
15 1 7 4 3 1 2 5 7 0 6
15 2 6 4 3 1 2 0 7 6 5
15 2 7 3 1 4 2 0 7 6 5
15 2 7 7 5 4 2 0 6 1 3
15 3 5 5 3 7 1 2 0 6 4
15 1 6 3 1 4 0 2 5 6 7
15 1 6 3 1 4 7 2 5 0 6
15 1 6 7 3 1 4 2 5 0 6
15 1 7 3 5 1 0 7 6 2 4
15 1 6 2 7 1 0 5 6 3 4
15 1 8 4 7 6 2 3 5 0 1
15 1 7 7 5 4 0 3 6 2 1
15 3 6 7 1 4 0 2 5 6 3
15 2 7 0 7 1 5 3 6 2 4
15 1 7 5 7 1 4 6 0 2 3
15 3 6 2 7 1 3 4 5 6 0
15 1 7 5 7 1 3 0 6 2 4
15 1 7 5 7 4 3 0 6 1 2
15 3 5 2 7 4 3 5 6 1 0
15 3 6 4 5 1 7 0 3 6 2
15 1 7 2 5 1 0 7 3 6 4
15 1 7 2 5 1 4 7 3 0 6
15 1 7 5 3 7 4 6 0 1 2
15 1 5 2 3 7 4 5 6 0 1
15 2 7 0 7 4 5 3 6 1 2
15 3 5 4 3 1 7 0 5 6 2
15 1 6 2 3 1 0 7 5 6 4
15 1 7 3 7 4 2 5 0 6 1
15 1 6 2 7 1 4 5 3 0 6
15 2 6 0 7 1 5 2 3 6 4
15 2 5 0 3 1 5 2 7 6 4
15 2 6 0 7 4 3 2 5 6 1
15 1 6 3 7 2 4 5 0 6 1
15 1 6 3 6 7 4 5 0 2 1
15 1 6 7 6 1 4 5 0 2 3
15 1 7 7 1 4 0 5 3 6 2
15 1 7 4 3 6 1 5 7 0 2
15 1 7 7 5 6 1 2 3 0 4
15 1 6 2 5 1 7 0 3 6 4
15 3 4 4 5 1 7 2 3 6 0
15 2 7 0 7 4 3 2 5 1 6
15 1 7 3 7 2 1 5 0 6 4
15 1 7 3 6 7 1 5 0 2 4
15 2 7 0 1 4 5 3 7 6 2
15 1 7 3 5 7 1 0 2 6 4
15 1 7 3 5 7 1 2 6 0 4
15 3 6 1 7 6 4 3 0 5 2
15 3 6 2 7 6 4 3 1 5 0
15 1 8 7 6 4 0 3 1 5 2
15 3 6 2 1 6 4 7 3 5 0
15 1 7 7 1 6 0 2 3 5 4
15 1 7 7 1 6 4 2 3 0 5
15 1 7 3 7 5 4 6 0 1 2
15 3 5 2 5 7 4 3 6 1 0
15 1 6 0 5 4 7 1 3 6 2
15 1 6 5 3 6 4 0 1 7 2
15 3 4 1 3 6 4 5 0 7 2
15 3 4 2 3 6 4 5 1 7 0
15 1 6 3 6 4 0 5 1 7 2
15 1 7 3 5 4 0 7 6 1 2
15 1 6 2 7 4 0 5 6 1 3
15 1 8 4 7 1 0 3 5 2 6
15 1 7 3 7 6 0 2 5 4 1
15 1 7 5 7 4 2 3 6 0 1
15 1 6 2 3 7 4 0 5 6 1
15 2 5 4 3 7 0 2 5 6 1
15 1 6 3 5 1 0 2 7 6 4
15 3 5 2 3 7 1 4 5 6 0
15 1 7 2 3 7 4 0 5 1 6
15 2 6 4 3 7 0 2 5 1 6
15 3 5 6 3 7 4 2 5 1 0
15 1 7 3 7 4 6 2 5 0 1
15 1 7 2 3 1 4 0 7 5 6
15 2 6 4 3 1 0 2 7 5 6
15 3 5 6 3 1 4 2 7 5 0
15 1 6 3 7 2 0 5 6 4 1
15 3 5 6 2 7 4 3 5 1 0
15 3 5 6 2 1 4 3 7 5 0
15 1 6 4 5 7 0 2 3 6 1
15 1 7 4 5 7 0 3 6 2 1
15 1 6 3 4 7 0 2 5 6 1
15 1 6 5 2 1 4 0 7 6 3
15 3 4 3 2 1 4 5 7 6 0
15 1 4 1 3 6 7 2 5 0 4
15 1 4 1 0 3 7 2 5 6 4
15 1 6 4 7 1 0 5 6 3 2
15 1 5 7 3 5 1 0 2 6 4
15 1 5 7 3 5 1 2 6 0 4
15 1 7 3 7 0 6 2 5 1 4
15 1 7 3 7 1 6 2 0 5 4
15 1 7 3 7 1 2 5 0 6 4
15 1 8 7 1 0 6 3 5 4 2
15 1 8 7 1 4 6 3 0 5 2
15 1 6 7 5 4 0 2 3 6 1
15 1 6 5 0 1 4 2 3 6 7
15 1 7 7 1 2 4 3 5 0 6
15 1 7 7 0 1 4 3 5 2 6
15 1 7 3 1 6 4 0 5 2 7
15 1 7 7 1 2 0 3 5 6 4
15 1 7 3 1 4 2 0 5 6 7
15 1 6 5 7 2 4 3 6 0 1
15 1 6 5 0 7 4 3 6 2 1
15 1 7 2 7 1 3 5 0 6 4
15 1 6 3 7 0 1 5 6 4 2
15 1 7 5 7 0 1 4 3 6 2
15 1 6 5 0 4 7 3 1 6 2
15 1 6 5 1 4 7 0 3 6 2
15 1 6 5 3 0 1 4 7 6 2
15 1 6 4 3 0 7 5 6 1 2
15 1 8 3 7 0 2 4 5 1 6
15 1 8 3 7 1 2 4 0 5 6
15 1 7 4 7 0 1 5 3 6 2
15 1 7 5 7 0 4 2 3 1 6
15 1 7 5 7 1 4 2 0 3 6
15 1 6 5 3 0 4 2 7 1 6
15 1 6 5 3 1 4 2 0 7 6
15 1 7 3 1 0 6 5 7 2 4
15 1 7 3 7 6 4 2 0 5 1
15 1 6 4 7 0 1 2 5 6 3
15 1 7 3 0 1 4 6 7 2 5
15 1 7 3 7 1 4 6 2 0 5
15 1 7 3 5 1 7 0 6 2 4
15 1 7 5 0 1 7 3 6 2 4
15 1 7 7 0 1 4 6 5 2 3
15 1 7 7 5 1 4 6 2 0 3
15 1 6 2 3 0 1 5 7 6 4
15 1 6 2 3 0 4 5 7 1 6
15 1 7 5 1 4 3 0 7 6 2
15 1 7 0 6 7 4 3 5 1 2
15 2 6 3 6 7 4 2 5 1 0
15 1 7 3 5 4 7 0 6 1 2
15 1 7 5 0 4 7 3 6 1 2
15 1 8 3 7 6 1 4 0 5 2
15 1 8 2 7 6 1 3 0 5 4
15 1 7 4 5 0 1 3 7 6 2
15 1 7 5 6 7 4 0 3 1 2
15 1 7 5 6 7 4 3 1 0 2
15 1 6 1 5 0 7 3 6 4 2
15 1 6 1 4 6 7 3 0 5 2
15 1 8 4 7 0 6 3 5 2 1
15 2 7 0 7 6 4 3 5 2 1
15 1 7 3 1 0 2 5 7 4 6
15 1 7 7 5 0 2 3 6 4 1
15 1 7 7 5 4 2 3 0 6 1
15 1 6 2 3 7 1 5 0 6 4
15 1 5 7 3 0 1 2 5 6 4
15 2 4 0 3 1 7 2 5 6 4
15 1 8 4 0 7 6 3 5 1 2
15 1 8 4 7 6 0 3 5 1 2
15 1 8 4 0 1 6 3 7 5 2
15 1 8 4 7 1 6 0 3 5 2
15 1 7 2 7 6 4 3 0 5 1
15 1 7 2 5 7 4 3 0 6 1
15 1 7 0 4 7 2 3 5 6 1
15 1 7 4 5 7 2 3 0 6 1
15 1 7 7 5 1 2 3 0 6 4
15 1 6 0 7 5 4 3 6 2 1
15 1 6 5 1 0 4 3 6 2 7
15 1 6 5 0 1 7 4 3 6 2
15 1 7 7 0 4 3 5 1 6 2
15 1 7 7 5 4 0 2 3 1 6
15 1 7 7 0 1 4 2 5 3 6
15 1 7 7 5 1 4 0 2 3 6
15 1 8 7 1 2 6 3 5 0 4
15 1 8 7 0 1 6 3 5 2 4
15 1 7 3 1 6 7 0 5 2 4
15 1 8 7 0 1 2 3 5 4 6
15 1 8 7 1 2 0 3 5 4 6
15 1 8 7 0 4 2 3 1 5 6
15 1 8 7 1 4 2 0 3 5 6
15 1 7 7 0 4 2 5 1 6 3
15 1 7 5 7 2 1 3 6 0 4
15 1 7 5 0 7 1 3 6 2 4
15 1 7 7 5 1 3 4 0 6 2
15 1 7 7 1 0 3 4 5 6 2
15 1 6 7 1 0 3 5 6 2 4
15 1 6 7 4 0 3 5 6 1 2
15 1 7 3 0 6 1 2 7 5 4
15 1 7 0 6 5 4 7 3 1 2
15 1 6 3 0 7 2 5 6 4 1
15 1 6 5 0 7 1 2 3 6 4
15 1 6 3 5 7 4 2 6 0 1
15 1 6 7 5 1 4 2 6 0 3
15 1 6 7 1 0 4 3 6 2 5
15 1 5 7 1 2 4 5 6 0 3
15 1 7 0 4 1 3 5 7 6 2
15 1 7 4 1 0 3 5 7 6 2
15 1 8 4 5 7 2 3 0 1 6
15 1 8 0 4 7 2 3 5 1 6
15 2 7 0 7 2 4 3 5 1 6
15 1 8 0 4 1 2 3 7 5 6
15 1 8 4 1 0 2 3 7 5 6
15 1 8 0 7 1 2 4 3 5 6
15 2 7 4 7 1 2 6 3 5 0
15 1 7 7 5 1 2 4 0 6 3
15 1 7 7 1 0 2 4 5 6 3
15 1 7 0 4 1 2 5 7 6 3
15 1 7 4 1 0 2 5 7 6 3
15 1 7 7 5 2 1 3 0 6 4
15 1 7 7 6 5 1 3 0 2 4
15 1 7 0 7 5 1 3 6 2 4
15 1 6 5 1 0 4 7 6 2 3
15 1 6 7 1 3 0 2 5 6 4
15 1 8 0 4 6 1 3 7 5 2
15 1 8 4 6 0 1 3 7 5 2
15 1 8 0 7 6 1 4 3 5 2
15 1 6 7 1 6 4 5 0 3 2
15 1 6 4 7 3 1 5 0 6 2
15 1 6 0 4 3 1 5 7 6 2
15 1 5 5 1 0 7 2 3 6 4
15 1 7 3 0 6 4 7 1 5 2
15 1 7 3 1 6 4 0 7 5 2
15 1 7 3 5 7 1 4 6 0 2
15 1 7 3 5 7 4 0 2 1 6
15 1 7 3 5 7 4 2 1 0 6
14 1 5 3 5 7 4 2 1 6 0
15 1 7 3 1 4 0 2 7 5 6
15 1 7 7 0 1 4 3 2 5 6
15 2 5 1 3 7 0 5 6 2 4
14 1 3 1 3 7 4 5 6 2 0
15 1 7 2 5 7 1 0 3 6 4
15 1 7 2 5 7 1 3 6 0 4
15 1 7 3 2 7 1 0 5 6 4
15 2 6 1 2 7 0 3 5 6 4
14 1 4 1 2 7 4 3 5 6 0
15 1 7 2 5 7 4 0 3 1 6
15 1 7 2 5 7 4 3 1 0 6
15 1 7 2 1 5 4 3 7 0 6
14 1 5 2 1 5 4 3 7 6 0
15 1 7 7 0 1 4 2 3 5 6
15 1 7 5 0 7 1 4 3 6 2
15 2 6 1 5 7 0 4 3 6 2
15 1 7 5 1 6 4 7 0 3 2
15 1 7 3 7 6 4 1 0 5 2
15 2 6 3 7 6 4 2 1 5 0
15 1 6 3 4 0 7 5 1 6 2
15 1 6 3 1 0 7 5 6 4 2
15 2 5 3 5 7 4 2 6 1 0
15 1 6 2 1 6 4 5 7 0 3
15 1 6 0 3 5 4 7 6 1 2
15 1 6 0 7 6 4 5 1 2 3
15 1 6 7 6 0 4 5 1 2 3
15 1 6 7 1 0 4 5 2 6 3
15 1 6 4 0 7 3 5 6 1 2
15 1 6 4 0 7 2 5 6 1 3
15 1 6 4 7 2 0 5 6 1 3
15 2 4 1 7 5 0 2 3 6 4
15 1 6 4 3 7 1 5 0 6 2
15 2 5 3 2 7 4 6 5 1 0
15 1 6 3 2 1 4 7 0 5 6
15 2 5 3 2 1 4 6 7 5 0
15 1 6 0 5 6 4 3 1 7 2
15 1 6 5 6 0 4 3 1 7 2
15 2 5 5 1 6 4 2 3 7 0
15 1 6 0 4 5 1 3 6 7 2
15 2 5 0 5 1 4 3 6 7 2
15 1 6 1 3 6 4 0 7 5 2
15 1 6 1 3 6 4 7 5 0 2
15 1 6 1 6 5 4 7 3 0 2
15 1 5 0 7 5 4 2 3 6 1
15 1 6 1 5 6 4 3 0 2 7
15 1 6 1 6 0 4 3 5 2 7
15 1 6 1 4 0 2 3 5 6 7
15 1 6 1 5 4 2 3 0 6 7
15 1 5 2 0 1 4 5 3 7 6
15 1 6 1 7 4 3 5 0 6 2
15 1 6 1 4 0 3 5 7 6 2
15 1 6 3 0 4 2 5 1 7 6
15 1 6 3 2 7 4 0 5 6 1
15 1 6 0 7 5 1 4 3 6 2
15 1 6 1 5 4 3 7 0 6 2
15 1 6 1 4 0 3 7 5 6 2
15 1 6 7 1 0 3 5 6 4 2
15 1 6 0 7 5 4 2 3 1 6
15 1 6 1 5 6 7 3 0 2 4
15 1 6 1 6 0 7 3 5 2 4
15 1 6 1 5 6 4 7 0 2 3
15 1 6 1 6 0 4 7 5 2 3
15 1 6 1 5 4 2 7 0 6 3
15 1 6 1 4 0 2 7 5 6 3
15 1 6 7 1 0 2 5 6 4 3
15 1 6 0 4 5 1 7 3 6 2
15 1 5 1 5 6 4 3 0 7 2
15 1 5 1 6 0 4 3 5 7 2
15 1 6 0 5 7 1 3 4 6 2
15 1 6 3 1 5 4 2 0 7 6
15 1 5 3 1 5 0 2 7 6 4
15 1 6 3 7 0 1 5 4 6 2
15 1 5 5 3 4 7 0 1 6 2
15 1 5 0 5 3 4 7 6 1 2
15 1 4 0 7 3 4 5 6 1 2
15 1 5 3 2 7 4 5 1 0 6
15 1 5 7 3 5 4 2 1 0 6
14 1 3 7 3 5 4 2 1 6 0
15 1 5 4 3 5 1 0 7 6 2
15 1 5 5 3 7 1 0 4 6 2
15 2 4 1 3 7 0 5 4 6 2
15 1 5 3 0 4 1 5 6 7 2
15 1 5 3 4 1 0 5 6 7 2
15 1 4 1 6 0 4 5 3 7 2
15 1 4 0 3 5 1 7 4 6 2
15 1 7 3 7 1 6 4 5 2 0
15 1 7 2 7 1 6 3 5 4 0
15 1 5 1 0 6 4 5 7 2 3
15 1 6 0 2 1 4 7 5 6 3
15 1 6 7 5 1 2 3 6 4 0
15 2 4 4 3 1 5 2 7 6 0
15 1 6 3 1 4 6 5 0 7 2
15 1 6 3 1 4 6 5 7 2 0
15 2 5 3 1 4 5 2 7 6 0
15 1 6 7 5 4 1 3 6 2 0
15 1 6 5 0 7 1 3 4 6 2
15 1 5 0 3 4 7 1 5 6 2
15 1 6 4 7 5 2 3 6 1 0
15 1 5 7 3 1 2 4 5 6 0
15 1 7 4 7 6 1 5 0 2 3
15 1 6 4 3 1 2 5 0 7 6
15 1 7 4 7 6 2 3 5 1 0
15 1 4 2 3 0 4 5 6 7 1
15 2 3 4 3 1 7 2 5 6 0
15 1 6 7 1 4 2 5 3 6 0
15 1 6 4 3 6 1 5 0 7 2
15 1 6 4 3 6 1 5 7 2 0
15 1 6 7 5 6 1 2 3 4 0
15 1 6 1 0 4 5 3 7 6 2
15 1 6 3 5 0 1 2 6 7 4
15 1 6 3 5 7 1 2 6 4 0
15 1 7 7 6 4 2 3 1 5 0
15 1 6 7 1 0 4 2 3 6 5
15 1 5 3 6 4 2 5 1 7 0
15 1 6 3 5 4 2 7 6 1 0
15 1 4 4 3 0 7 2 5 6 1
15 1 6 2 3 7 4 5 0 1 6
15 1 5 4 3 7 6 2 5 1 0
15 1 5 4 3 0 7 2 5 1 6
15 1 5 4 3 1 6 2 7 5 0
15 1 5 4 5 0 7 2 3 6 1
15 1 5 3 4 0 7 2 5 6 1
15 1 3 1 3 6 7 2 5 4 0
15 1 4 7 3 5 1 2 6 4 0
15 1 5 7 5 4 1 2 3 6 0
15 1 5 5 3 1 4 2 0 6 7
15 1 6 7 1 2 4 3 5 6 0
15 1 6 3 1 6 4 5 0 2 7
15 1 5 5 7 2 4 3 6 1 0
15 1 6 2 7 1 3 5 6 0 4
15 2 4 5 1 4 7 2 3 6 0
15 1 5 4 0 3 7 5 6 1 2
15 1 7 3 7 1 2 0 4 5 6
15 1 6 7 5 1 4 6 2 3 0
15 1 5 2 0 3 4 5 7 1 6
15 2 5 5 1 4 3 2 7 6 0
15 2 5 3 5 4 7 2 6 1 0
15 1 7 3 7 6 1 0 4 5 2
15 1 6 4 0 5 1 3 7 6 2
15 1 6 0 6 7 4 5 3 1 2
15 1 6 5 6 7 4 3 1 2 0
15 1 5 1 0 5 7 3 6 4 2
15 1 5 1 0 6 7 3 4 5 2
15 2 6 4 7 1 6 2 3 5 0
15 1 6 2 5 7 4 3 6 0 1
15 1 5 5 3 1 7 4 0 6 2
15 1 6 7 5 4 6 2 3 1 0
15 1 7 7 1 2 6 3 5 4 0
15 1 6 5 7 2 1 3 6 4 0
15 1 6 7 5 1 3 0 4 6 2
15 1 5 7 1 3 0 5 6 2 4
14 1 3 7 1 3 4 5 6 2 0
15 1 5 7 4 3 0 5 6 1 2
15 1 6 0 3 6 1 2 7 5 4
15 1 5 3 5 0 4 2 6 7 1
15 1 5 7 5 1 4 2 6 3 0
15 1 4 7 1 2 4 5 6 3 0
15 1 6 4 1 3 0 5 7 6 2
15 1 7 4 1 5 2 3 7 0 6
14 1 5 4 1 5 2 3 7 6 0
15 1 6 7 5 1 2 0 4 6 3
15 1 5 7 1 3 4 2 5 6 0
15 1 7 4 6 5 1 3 7 0 2
15 1 5 4 7 3 1 5 6 0 2
15 1 6 3 5 0 1 4 6 7 2
15 1 6 3 5 7 1 4 6 2 0
15 1 6 3 5 0 4 2 1 7 6
15 1 6 3 1 4 6 2 7 5 0
15 1 6 7 2 1 4 3 0 5 6
15 1 6 0 5 7 1 2 3 6 4
15 1 6 2 5 0 1 3 6 7 4
15 1 6 2 5 7 1 3 6 4 0
15 1 6 3 2 7 1 5 0 6 4
15 1 5 1 2 0 7 3 5 6 4
15 1 6 2 5 0 4 3 1 7 6
15 1 6 2 5 7 4 3 1 6 0
15 1 6 2 1 5 4 3 0 7 6
15 1 6 7 3 1 4 2 0 5 6
15 1 6 5 3 7 1 4 0 6 2
15 1 5 1 5 7 2 4 3 6 0
15 1 5 1 5 0 7 4 3 6 2
15 1 5 2 1 6 4 5 0 7 3
15 1 5 2 1 6 4 5 7 3 0
15 1 5 4 7 2 3 5 6 1 0
15 1 3 1 7 5 4 2 3 6 0
15 2 4 1 3 6 4 2 7 5 0
15 1 5 1 3 0 4 7 5 6 2
15 1 5 1 3 6 4 7 5 2 0
15 1 5 1 6 5 4 7 3 2 0
15 1 4 0 2 1 4 5 3 7 6
15 1 5 1 7 4 3 5 6 0 2
15 1 5 1 4 3 0 5 7 6 2
15 1 5 3 2 7 4 5 0 6 1
15 1 5 7 1 3 0 5 6 4 2
15 2 3 5 3 4 7 2 1 6 0
15 1 4 3 2 0 4 5 1 7 6
15 1 4 3 2 7 4 5 1 6 0
15 2 3 4 3 5 1 2 7 6 0
15 2 3 5 3 7 1 2 4 6 0
15 1 3 1 3 7 2 5 4 6 0
15 1 3 1 3 0 7 5 4 6 2
15 1 4 3 4 1 2 5 6 7 0
15 1 4 1 3 4 7 0 5 6 2
15 1 3 2 0 3 4 5 6 7 1
15 1 4 4 0 5 7 2 3 6 1
15 1 5 2 7 1 3 5 6 4 0
15 1 4 0 2 3 4 5 7 1 6
15 2 5 3 7 6 1 2 4 5 0
15 1 5 2 5 0 4 3 6 7 1
15 1 4 5 3 1 7 0 4 6 2
15 2 4 7 5 1 3 2 4 6 0
15 1 4 7 4 3 2 5 6 1 0
15 1 5 4 1 3 2 5 7 6 0
15 1 6 4 6 5 1 3 7 2 0
15 1 4 4 7 3 1 5 6 2 0
15 1 5 3 2 7 1 5 6 0 4
15 1 4 1 0 5 7 4 3 6 2
15 1 4 1 7 4 3 5 6 2 0
15 1 4 1 4 3 2 5 7 6 0
15 1 4 3 2 7 4 5 6 0 1
15 1 4 7 1 3 2 5 6 4 0
15 2 2 1 3 4 7 2 5 6 0
15 1 2 0 2 3 4 5 6 7 1
15 1 3 4 3 5 7 2 0 6 1
15 2 2 5 3 1 7 2 4 6 0
15 1 4 3 2 0 1 5 6 7 4
15 1 4 3 2 7 1 5 6 4 0
15 1 3 1 3 5 7 4 0 6 2
15 1 3 3 2 7 4 5 6 1 0
15 1 3 3 2 0 4 5 6 7 1
15 1 2 1 3 5 7 0 4 6 2
15 2 0 1 3 5 7 2 4 6 0
