8 0 8 5 1 0 6 7 3 4 2
9 1 8 5 1 4 6 7 3 0 2
9 1 8 5 0 1 6 7 3 4 2
9 1 8 5 1 6 0 7 3 4 2
9 2 7 5 1 4 6 7 3 2 0
9 2 7 5 3 1 6 7 0 4 2
9 2 7 5 1 6 2 7 3 4 0
9 3 6 5 3 1 6 7 4 0 2
9 4 5 5 3 1 6 7 4 2 0
10 2 8 5 1 4 6 7 0 3 2
10 2 8 0 5 1 6 7 3 4 2
10 3 7 5 3 1 6 0 7 4 2
10 4 6 5 3 0 6 7 4 1 2
10 5 5 5 3 1 6 2 7 4 0
11 3 8 0 1 6 5 7 3 4 2
11 4 7 5 1 6 4 7 3 0 2
11 4 7 5 1 6 7 0 3 4 2
11 3 8 5 1 4 0 7 3 2 6
11 3 8 5 1 6 2 7 3 0 4
11 5 6 5 3 1 0 7 4 2 6
11 3 8 5 0 4 6 7 1 3 2
11 3 8 5 1 4 6 0 7 3 2
11 3 8 7 5 1 6 0 3 4 2
11 4 7 0 3 1 6 5 7 4 2
11 5 6 5 3 6 0 7 4 1 2
11 4 7 1 0 6 5 7 3 4 2
11 5 6 5 1 6 4 7 3 2 0
11 6 5 5 1 6 7 2 3 4 0
11 4 7 5 1 0 4 7 3 2 6
11 4 7 5 1 0 2 7 3 6 4
11 4 7 0 1 4 6 5 7 3 2
11 5 6 5 1 4 6 2 7 3 0
11 5 6 7 5 1 6 2 3 4 0
11 6 5 5 3 6 2 7 4 1 0
11 5 6 1 3 6 5 7 0 4 2
11 5 6 1 0 4 6 5 7 3 2
11 6 5 1 3 6 5 7 4 0 2
11 7 4 1 3 0 5 7 4 6 2
11 7 4 1 3 6 5 7 4 2 0
11 8 3 1 3 5 0 7 4 6 2
11 9 2 1 3 5 2 7 4 6 0
12 4 8 5 1 4 6 0 3 2 7
12 4 8 5 1 6 2 0 3 4 7
12 6 6 5 3 1 6 0 4 2 7
12 4 8 6 5 1 0 7 3 4 2
12 5 7 2 5 1 6 7 3 4 0
12 5 7 5 0 3 6 7 4 1 2
12 6 6 5 3 1 0 2 7 4 6
12 6 6 5 3 1 6 2 7 0 4
12 4 8 7 1 6 5 0 3 4 2
12 5 7 5 1 0 4 7 3 6 2
12 5 7 5 1 6 4 7 0 3 2
12 5 7 0 1 6 7 5 3 4 2
12 5 7 5 1 6 7 3 0 4 2
12 4 8 5 1 6 2 7 0 3 4
12 6 6 5 3 0 1 7 4 2 6
12 4 8 0 5 4 6 7 1 3 2
12 4 8 5 4 0 6 7 1 3 2
12 4 8 7 5 1 6 3 0 4 2
12 5 7 3 0 1 6 5 7 4 2
12 5 7 1 6 0 5 7 3 4 2
12 5 7 5 1 2 4 7 3 0 6
12 5 7 5 0 1 4 7 3 2 6
12 5 7 5 0 1 2 7 3 6 4
12 5 7 5 1 2 0 7 3 6 4
12 6 6 1 3 6 5 0 7 4 2
12 6 6 1 7 4 6 5 0 3 2
12 6 6 1 4 0 6 5 7 3 2
12 5 7 0 1 4 6 5 3 2 7
12 5 7 0 1 6 2 5 3 4 7
12 5 7 6 5 1 2 7 3 4 0
12 6 6 7 1 6 5 2 3 4 0
12 6 6 1 0 6 7 5 3 4 2
12 6 6 5 1 6 7 3 4 0 2
12 5 7 5 4 3 6 7 1 0 2
12 5 7 7 5 1 6 3 4 0 2
12 6 6 1 6 5 0 7 3 4 2
12 6 6 5 1 2 4 7 3 6 0
12 6 6 5 3 1 2 7 0 6 4
12 8 4 1 3 6 5 2 7 4 0
12 7 5 1 4 3 6 5 7 0 2
12 6 6 1 0 4 6 5 3 2 7
12 6 6 1 0 6 2 5 3 4 7
12 7 5 1 3 6 7 5 0 4 2
12 7 5 5 1 0 7 3 4 6 2
12 7 5 5 1 6 7 3 4 2 0
12 6 6 5 4 3 6 7 1 2 0
12 6 6 7 5 1 6 3 4 2 0
12 7 5 1 6 5 2 7 3 4 0
12 8 4 1 4 3 6 5 0 7 2
12 8 4 1 4 3 6 5 7 2 0
12 8 4 1 3 6 7 5 4 0 2
12 9 3 1 3 0 7 5 4 6 2
12 9 3 1 3 6 7 5 4 2 0
13 5 8 5 1 0 6 7 3 2 4
13 5 8 0 1 4 6 7 3 2 5
13 5 8 5 1 0 2 7 3 4 6
13 5 8 0 1 6 2 7 3 4 5
13 7 6 5 3 0 6 7 4 2 1
13 7 6 0 3 1 6 7 4 2 5
13 5 8 3 5 1 6 7 0 4 2
13 6 7 5 3 1 0 6 7 4 2
13 6 7 2 1 6 5 7 3 4 0
13 5 8 0 1 4 5 7 3 2 6
13 6 7 5 1 4 7 0 3 2 6
13 7 6 0 3 1 5 7 4 2 6
13 8 5 5 3 1 7 0 4 2 6
13 6 7 7 0 1 6 5 3 4 2
13 6 7 6 3 1 0 5 7 4 2
13 7 6 2 3 1 6 5 7 4 0
13 7 6 0 3 6 5 7 4 1 2
13 8 5 5 3 6 7 0 4 1 2
13 7 6 5 1 6 7 2 3 0 4
13 6 7 6 1 4 0 5 7 3 2
13 7 6 2 1 4 6 5 7 3 0
13 6 7 5 1 4 0 2 7 3 6
13 6 7 5 1 4 6 2 7 0 3
13 6 7 7 5 1 0 2 3 4 6
13 6 7 7 5 1 6 2 3 0 4
13 7 6 5 3 6 2 7 4 0 1
13 8 5 1 0 3 5 7 4 6 2
13 8 5 1 3 6 0 7 4 2 5
13 11 2 1 3 5 7 0 4 6 2
13 5 8 5 1 4 6 3 0 2 7
13 5 8 5 1 6 2 3 0 4 7
13 7 6 0 3 1 6 5 4 2 7
13 5 8 6 5 0 1 7 3 4 2
13 6 7 5 4 3 6 7 0 1 2
13 6 7 0 5 3 6 7 4 1 2
13 7 6 5 3 0 1 2 7 4 6
13 7 6 5 3 0 6 2 7 1 4
13 7 6 5 3 1 6 2 0 7 4
13 5 8 7 1 6 5 3 0 4 2
13 6 7 5 0 1 4 7 3 6 2
13 6 7 5 1 4 0 7 3 6 2
13 6 7 5 0 6 4 7 1 3 2
13 6 7 5 1 6 4 0 7 3 2
13 6 7 5 0 6 7 3 1 4 2
13 5 8 5 0 6 2 7 1 3 4
13 5 8 5 1 6 2 0 7 3 4
13 7 6 5 3 2 1 7 4 0 6
12 8 4 5 3 2 1 7 4 6 0
13 5 8 7 5 4 6 0 1 3 2
13 5 8 5 4 6 0 7 1 3 2
13 5 8 7 0 1 6 3 5 4 2
13 6 7 3 7 1 6 5 0 4 2
13 6 7 3 1 0 6 5 7 4 2
13 6 7 1 6 4 5 7 3 0 2
13 6 7 5 1 2 4 7 0 3 6
13 6 7 5 3 1 4 7 0 2 6
13 6 7 0 5 1 4 7 3 2 6
13 6 7 0 5 1 2 7 3 6 4
13 7 6 1 7 4 6 5 3 0 2
13 7 6 1 4 6 0 5 7 3 2
13 7 6 1 6 0 7 5 3 4 2
13 6 7 7 5 0 6 3 4 1 2
13 7 6 5 3 1 2 0 7 6 4
13 7 6 1 3 4 6 5 0 2 7
13 7 6 1 4 0 6 5 3 2 7
13 7 6 1 3 6 2 5 0 4 7
13 7 6 1 6 0 2 5 3 4 7
13 8 5 1 3 6 7 0 5 4 2
13 8 5 5 0 1 7 3 4 6 2
13 9 4 1 0 3 6 5 4 7 2
13 6 7 1 0 4 6 7 3 2 5
13 6 7 1 0 6 2 7 3 4 5
13 6 7 3 5 1 6 7 4 0 2
13 7 6 5 3 1 2 6 7 4 0
13 6 7 1 0 4 5 7 3 2 6
13 7 6 6 3 1 2 5 7 4 0
13 10 3 5 3 6 7 2 4 1 0
13 8 5 5 1 0 7 2 3 6 4
13 7 6 6 1 4 2 5 7 3 0
13 7 6 6 1 0 4 5 7 3 2
13 8 5 5 3 0 2 7 4 6 1
13 13 0 1 3 5 7 2 4 6 0
