6 0 6 5 3 6 0 2 1 4 7
5 1 4 5 3 6 7 2 1 4 0
7 1 6 5 3 0 6 2 1 4 7
7 2 5 5 3 6 7 2 1 0 4
7 3 4 5 3 0 7 2 1 6 4
8 2 6 0 3 6 5 2 1 4 7
8 2 6 5 3 4 6 2 1 0 7
8 3 5 5 3 6 7 2 0 1 4
8 3 5 5 3 4 6 2 1 7 0
9 3 6 5 3 6 4 2 1 0 7
9 3 6 5 3 6 7 0 1 4 2
9 4 5 5 3 0 7 2 1 4 6
9 4 5 0 3 6 7 2 1 4 5
9 2 7 5 0 3 6 2 1 4 7
9 4 5 5 0 3 7 2 1 6 4
9 4 5 5 3 7 0 2 1 6 4
9 3 6 5 3 4 6 2 0 1 7
9 4 5 5 3 0 4 2 1 6 7
9 4 5 5 3 6 4 2 1 7 0
9 5 4 5 3 7 4 2 1 6 0
10 3 7 5 3 6 2 0 1 4 7
10 3 7 2 3 6 5 0 1 4 7
10 3 7 3 0 6 5 2 1 4 7
10 5 5 1 3 6 5 2 0 4 7
10 5 5 7 3 6 5 2 1 4 0
10 4 6 5 0 6 7 2 3 1 4
10 4 6 5 3 6 7 0 2 1 4
10 4 6 5 3 4 0 2 1 7 6
10 4 6 5 3 6 4 2 0 1 7
10 4 6 0 3 6 7 5 1 4 2
10 4 6 5 3 6 7 1 0 4 2
10 5 5 5 3 4 7 2 1 0 6
9 6 3 5 3 4 7 2 1 6 0
10 3 7 5 1 3 6 2 0 4 7
10 3 7 0 5 3 6 2 1 4 7
10 5 5 5 1 3 7 2 0 6 4
10 5 5 0 5 3 7 2 1 6 4
10 5 5 5 3 4 0 2 1 6 7
10 6 4 1 3 6 5 2 4 0 7
10 5 5 5 3 6 7 1 4 0 2
10 4 6 5 1 3 6 2 4 0 7
10 7 3 1 3 0 5 2 4 6 7
10 7 3 1 3 6 5 2 4 7 0
10 6 4 5 3 0 7 1 4 6 2
10 6 4 5 3 6 7 1 4 2 0
10 5 5 5 1 3 6 2 4 7 0
10 8 2 1 3 5 0 2 4 6 7
9 9 0 1 3 5 7 2 4 6 0
