5 0 5 5 2 3 0 6 1 7 4
4 1 3 5 2 3 4 6 1 7 0
7 1 6 5 2 0 3 6 1 7 4
7 2 5 0 2 3 5 6 1 7 4
7 2 5 5 2 3 4 6 1 0 7
7 3 4 5 2 3 4 0 1 7 6
7 4 3 0 2 3 4 5 1 7 6
8 3 5 5 2 3 6 0 1 7 4
8 4 4 0 2 3 4 6 1 7 5
8 3 5 6 2 3 5 0 1 7 4
8 3 5 5 2 3 4 6 0 1 7
8 4 4 5 2 3 4 1 0 7 6
8 4 4 0 2 3 6 5 1 7 4
8 4 4 5 2 3 4 0 6 1 7
8 5 3 0 2 3 4 5 6 1 7
9 3 6 5 2 3 7 6 1 0 4
9 4 5 5 2 0 4 6 1 7 3
9 2 7 5 2 7 3 6 1 0 4
9 2 7 5 0 2 3 6 1 7 4
9 3 6 2 0 3 5 6 1 7 4
9 5 4 1 2 3 5 6 0 7 4
9 5 4 4 2 3 5 6 1 7 0
9 3 6 5 2 0 4 6 1 3 7
9 5 4 2 0 3 4 5 1 7 6
9 7 2 1 2 3 4 5 0 7 6
9 7 2 6 2 3 4 5 1 7 0
9 4 5 5 2 3 6 1 0 7 4
9 5 4 5 2 3 6 4 1 7 0
9 5 4 6 2 3 4 0 1 7 5
9 4 5 6 2 3 5 1 0 7 4
9 5 4 6 2 3 5 4 1 7 0
9 6 3 5 2 3 4 7 6 1 0
9 4 5 5 2 3 7 6 1 4 0
9 3 6 5 2 7 3 6 1 4 0
9 6 3 1 2 3 5 0 6 7 4
10 6 4 4 2 3 0 5 1 7 6
10 5 5 2 0 3 4 6 1 7 5
10 7 3 1 2 3 4 6 0 7 5
10 6 4 6 2 3 0 5 1 7 4
10 4 6 5 0 3 4 6 2 1 7
10 5 5 5 0 3 4 1 2 7 6
10 5 5 5 2 3 4 1 7 0 6
10 5 5 2 0 3 6 5 1 7 4
10 7 3 1 2 3 6 5 0 7 4
10 7 3 4 2 3 6 5 1 7 0
10 6 4 2 0 3 4 5 6 1 7
10 8 2 7 2 3 4 5 6 1 0
10 4 6 5 2 3 7 6 0 1 4
10 3 7 5 2 7 3 6 0 1 4
10 3 7 5 1 2 3 6 0 7 4
10 3 7 0 5 2 3 6 1 7 4
10 4 6 2 1 3 5 6 0 7 4
10 6 4 2 1 3 4 5 0 7 6
10 6 4 6 2 3 4 1 0 7 5
10 8 2 1 2 3 5 4 6 7 0
10 8 2 1 2 3 4 0 6 7 5
10 6 4 5 2 3 4 1 7 6 0
10 5 5 5 2 3 7 0 6 1 4
10 4 6 5 2 7 3 0 6 1 4
10 4 6 5 1 2 3 0 6 7 4
10 5 5 2 1 3 5 0 6 7 4
10 10 0 1 2 3 4 5 6 7 0
