9 0 9 6 4 5 3 0 7 2 1
8 1 7 6 4 5 3 7 0 2 1
8 1 6 6 0 5 3 7 4 2 1
8 1 6 6 4 5 3 7 2 0 1
10 1 9 0 4 5 3 6 7 2 1
10 1 7 6 4 5 3 7 0 2 1
10 1 7 0 6 5 3 7 4 2 1
10 1 7 6 5 0 3 7 4 2 1
10 1 7 6 4 0 3 7 2 5 1
10 1 6 6 0 5 3 7 4 2 1
10 1 6 6 4 5 3 7 2 0 1
11 2 9 6 4 5 3 1 7 2 0
11 1 9 6 4 5 3 0 7 2 1
10 1 7 6 4 5 3 7 0 2 1
10 1 6 6 0 5 3 7 4 2 1
10 1 6 6 4 5 3 7 2 0 1
11 1 8 6 4 5 3 7 2 1 0
10 1 6 6 4 5 3 7 2 0 1
11 1 9 4 0 5 3 6 7 2 1
11 3 7 7 4 5 3 6 0 2 1
11 1 7 7 6 5 3 0 4 2 1
11 1 7 6 5 3 0 7 4 2 1
11 1 7 6 4 3 0 7 2 5 1
11 1 8 6 4 5 3 1 7 0 2
11 1 8 4 7 5 3 6 0 2 1
11 1 6 7 0 5 3 6 4 2 1
11 1 6 7 4 5 3 6 2 0 1
11 1 7 6 4 5 3 1 0 7 2
11 1 7 4 7 5 3 6 2 0 1
11 1 6 6 0 5 3 1 4 7 2
12 3 9 6 0 5 3 4 7 2 1
12 3 9 6 4 5 0 3 7 2 1
12 2 9 3 4 5 0 6 7 2 1
12 3 8 1 4 5 3 6 7 2 0
12 2 7 3 6 5 0 7 4 2 1
12 3 6 1 6 5 3 7 4 2 0
12 1 8 6 5 2 3 7 4 0 1
12 1 8 6 0 4 3 7 2 5 1
12 1 7 0 6 5 3 7 4 2 1
12 1 7 6 5 0 3 7 4 2 1
12 1 7 6 4 0 3 7 2 5 1
12 1 9 6 4 5 0 1 7 2 3
12 1 9 0 4 5 3 6 7 2 1
12 1 7 6 4 5 3 7 0 2 1
12 1 8 6 4 5 0 7 2 1 3
12 1 9 4 5 0 3 6 7 2 1
12 1 7 7 4 5 3 0 6 2 1
12 1 7 6 5 3 1 7 4 2 0
12 1 7 6 4 3 1 7 2 5 0
12 1 8 4 7 5 3 0 6 2 1
12 1 8 6 7 5 3 4 0 2 1
12 1 7 1 4 5 3 6 7 0 2
12 1 5 1 6 5 3 7 4 0 2
12 1 7 6 2 4 3 7 0 5 1
12 1 6 6 0 5 3 7 4 2 1
12 1 6 6 4 5 3 7 2 0 1
12 1 8 4 5 2 3 6 7 0 1
12 1 8 4 5 3 0 6 7 2 1
12 1 6 6 5 3 1 7 4 0 2
12 1 7 6 7 5 3 0 4 2 1
12 1 7 6 7 5 3 4 2 0 1
12 1 6 1 4 5 3 6 0 7 2
12 1 6 6 2 4 3 7 5 0 1
12 1 7 4 5 2 3 6 0 7 1
12 1 5 1 0 5 3 6 4 7 2
12 1 6 4 0 2 3 6 5 7 1
12 1 6 4 5 2 3 0 6 7 1
12 1 5 4 2 0 3 6 5 7 1
12 1 4 4 2 3 0 6 5 7 1
13 2 9 6 4 5 3 1 7 2 0
13 1 9 6 4 5 3 0 7 2 1
12 1 7 6 4 5 3 7 0 2 1
12 1 6 6 0 5 3 7 4 2 1
12 1 6 6 4 5 3 7 2 0 1
13 2 8 6 4 5 3 0 2 1 7
13 1 8 6 4 5 3 7 2 1 0
12 1 6 6 4 5 3 7 2 0 1
13 1 8 7 6 5 3 4 0 2 1
13 2 7 7 6 5 3 1 4 2 0
13 2 7 0 5 3 6 7 4 2 1
13 3 6 6 5 3 2 7 4 0 1
13 3 6 6 5 3 7 0 4 2 1
13 2 7 0 4 3 6 7 2 5 1
13 3 6 6 4 3 7 0 2 5 1
13 1 9 6 4 0 3 1 7 5 2
13 1 9 4 0 5 3 6 7 2 1
13 1 7 7 4 5 3 6 0 2 1
13 1 7 0 7 5 3 6 4 2 1
13 1 7 7 5 0 3 6 4 2 1
13 1 7 7 4 0 3 6 2 5 1
13 1 8 6 4 5 3 0 1 7 2
13 1 8 6 4 5 3 1 7 0 2
13 1 8 4 7 0 3 6 2 5 1
13 1 8 4 7 5 3 6 0 2 1
13 1 7 6 4 5 3 1 0 7 2
13 1 7 0 6 5 3 1 4 7 2
13 1 7 6 5 0 3 1 4 7 2
13 1 9 6 5 0 3 4 7 2 1
13 1 9 6 4 5 1 3 7 2 0
13 1 9 6 4 0 5 3 7 2 1
13 1 9 3 4 5 1 6 7 2 0
13 1 9 3 4 0 5 6 7 2 1
13 1 8 1 4 5 0 6 7 2 3
13 1 7 3 6 5 1 7 4 2 0
13 1 6 1 6 5 0 7 4 2 3
13 1 8 0 6 4 3 7 2 5 1
13 1 7 7 6 5 3 0 4 2 1
13 1 7 6 5 3 0 7 4 2 1
13 1 7 6 4 3 0 7 2 5 1
13 1 9 6 4 0 5 1 7 2 3
13 3 6 6 4 5 1 7 2 0 3
13 1 7 0 4 5 3 7 6 2 1
13 1 7 6 4 3 1 7 2 0 5
13 1 8 0 7 5 3 4 6 2 1
13 1 7 6 2 4 3 0 7 5 1
13 1 8 4 5 3 1 6 7 2 0
13 2 7 0 5 3 4 6 7 2 1
13 1 6 1 4 5 3 0 6 7 2
13 1 6 0 5 2 3 4 6 7 1
13 3 4 4 0 2 3 5 6 7 1
13 1 4 4 2 3 1 6 5 7 0
13 2 3 0 2 3 4 6 5 7 1
13 1 7 6 4 5 3 2 0 1 7
13 1 7 7 0 5 3 4 6 2 1
13 1 7 7 6 5 3 4 2 0 1
13 1 6 7 6 5 3 1 4 0 2
13 1 5 6 4 3 7 2 0 5 1
13 1 8 6 0 4 3 1 7 5 2
13 1 8 6 4 3 0 1 7 5 2
13 1 6 7 0 5 3 6 4 2 1
13 1 6 7 4 5 3 6 2 0 1
13 1 7 4 7 5 3 6 2 0 1
13 1 7 4 0 7 3 6 2 5 1
13 1 6 6 0 5 3 1 4 7 2
13 1 6 1 6 5 3 0 4 7 2
13 1 6 6 5 7 3 1 4 0 2
13 1 8 6 5 2 3 4 7 0 1
13 1 8 6 5 3 0 4 7 2 1
13 1 8 6 4 5 1 3 7 0 2
13 1 8 6 4 2 5 3 7 0 1
13 1 8 6 0 4 5 3 7 2 1
13 1 8 3 4 5 1 6 7 0 2
13 1 8 3 4 2 5 6 7 0 1
13 1 8 3 0 4 5 6 7 2 1
13 1 6 3 6 5 1 7 4 0 2
13 1 8 6 4 2 5 1 7 0 3
13 1 8 6 0 4 5 1 7 2 3
13 1 7 4 5 3 1 6 7 0 2
13 1 6 5 0 3 4 6 7 2 1
13 1 5 5 0 2 3 4 6 7 1
13 1 3 4 2 0 3 5 6 7 1
13 1 6 6 0 5 3 2 4 1 7
13 1 6 6 4 5 3 2 1 0 7
13 1 4 6 0 3 7 2 4 5 1
13 1 7 6 5 2 3 4 0 7 1
13 1 7 6 4 5 1 3 0 7 2
13 1 7 6 4 2 5 3 0 7 1
13 1 7 3 4 5 1 6 0 7 2
13 1 7 3 4 2 5 6 0 7 1
13 1 7 6 4 2 5 1 0 7 3
13 1 6 4 5 3 1 6 0 7 2
13 1 4 5 2 0 3 4 6 7 1
13 1 2 4 2 3 0 5 6 7 1
13 1 3 6 3 0 7 2 4 5 1
13 1 6 6 0 2 3 4 5 7 1
13 1 6 6 0 5 1 3 4 7 2
13 1 6 3 0 5 1 6 4 7 2
13 1 6 3 4 2 5 0 6 7 1
13 1 5 4 0 3 1 6 5 7 2
13 1 5 4 5 3 1 0 6 7 2
13 1 3 5 2 3 0 4 6 7 1
13 1 2 6 3 5 7 2 4 0 1
13 1 5 6 2 0 3 4 5 7 1
13 1 5 0 3 5 1 6 4 7 2
13 1 4 6 2 3 0 4 5 7 1
14 3 8 4 6 5 3 7 0 2 1
14 3 9 6 4 0 3 1 7 2 5
14 3 9 0 4 5 3 1 7 2 6
14 3 8 0 4 5 3 7 2 1 6
14 3 7 7 6 5 0 3 4 2 1
14 3 7 6 4 3 5 7 2 0 1
14 1 8 7 4 5 3 6 2 1 0
13 1 6 7 4 5 3 6 2 0 1
14 1 9 4 7 5 3 6 2 1 0
13 1 7 4 7 5 3 6 2 0 1
14 1 10 0 6 5 3 4 7 2 1
14 2 9 0 4 5 6 3 7 2 1
14 3 8 6 4 5 2 3 7 0 1
14 3 8 3 4 5 2 6 7 0 1
14 2 8 1 4 5 3 0 7 2 6
13 1 6 1 4 5 3 7 0 2 6
13 1 5 1 0 5 3 7 4 2 6
13 1 5 1 4 5 3 7 2 0 6
13 1 4 1 4 5 3 7 2 6 0
14 1 8 3 6 0 5 7 4 2 1
14 3 6 3 6 5 2 7 4 0 1
14 3 6 3 6 5 7 0 4 2 1
14 2 6 1 6 5 3 0 4 2 7
14 1 9 6 5 2 3 7 0 4 1
14 2 7 3 6 5 0 7 4 2 1
14 3 6 1 6 5 3 7 4 2 0
14 1 8 6 5 2 3 7 4 0 1
14 1 8 6 0 4 3 7 2 5 1
14 2 9 0 4 5 6 1 7 2 3
14 3 8 6 4 5 2 1 7 0 3
14 2 9 3 4 5 0 6 7 2 1
14 3 8 1 4 5 3 6 7 2 0
14 1 9 6 4 0 5 7 2 1 3
14 2 8 0 4 5 6 7 2 1 3
14 3 7 6 4 5 7 0 2 1 3
14 2 7 7 4 5 3 1 6 2 0
14 2 7 6 5 3 1 0 4 2 7
14 2 7 6 4 3 1 0 2 5 7
14 2 8 4 7 5 3 1 6 2 0
14 3 7 4 0 5 3 7 6 2 1
14 1 9 6 0 5 3 4 7 2 1
14 1 8 1 4 0 3 6 7 5 2
14 1 6 1 6 0 3 7 4 5 2
14 1 6 1 6 5 3 7 0 4 2
14 1 7 0 6 5 3 7 4 2 1
14 1 7 6 5 0 3 7 4 2 1
14 1 7 6 4 0 3 7 2 5 1
14 1 9 4 5 0 3 6 7 2 1
14 3 7 4 5 3 2 6 7 0 1
14 1 7 6 5 0 1 7 4 3 2
14 1 7 6 5 3 1 7 0 4 2
14 1 7 6 5 3 1 7 4 2 0
14 1 8 6 7 5 3 4 0 2 1
14 2 7 6 7 5 3 1 4 2 0
14 1 8 6 7 0 3 4 2 5 1
14 1 7 1 4 5 3 6 7 0 2
14 1 7 6 2 0 3 7 5 4 1
14 1 7 6 2 4 3 7 0 5 1
14 1 8 4 5 2 3 6 7 0 1
14 1 6 1 4 5 3 6 0 7 2
14 1 6 0 1 5 3 6 4 7 2
14 1 6 1 5 0 3 6 4 7 2
14 1 7 4 5 2 3 6 0 7 1
14 1 7 0 4 2 3 6 5 7 1
14 2 6 4 5 2 3 1 6 7 0
14 1 6 4 2 7 3 6 5 0 1
14 1 6 4 0 2 3 6 5 7 1
14 1 5 4 2 0 3 6 5 7 1
14 1 9 6 4 5 0 1 7 2 3
14 1 9 0 4 5 3 6 7 2 1
14 1 7 6 4 5 3 7 0 2 1
14 1 8 0 4 5 3 6 2 1 7
14 1 8 6 4 5 0 7 2 1 3
14 1 7 7 6 5 0 1 4 2 3
14 1 7 7 5 3 6 0 4 2 1
14 1 7 5 0 3 6 7 4 2 1
14 1 6 0 5 3 7 6 4 2 1
14 1 7 7 4 3 6 0 2 5 1
14 1 7 4 0 3 6 7 2 5 1
14 1 6 0 4 3 7 6 2 5 1
14 1 7 7 4 5 3 0 6 2 1
14 1 7 6 7 5 3 0 4 2 1
14 1 7 7 5 3 0 6 4 2 1
14 1 7 7 4 3 0 6 2 5 1
14 1 8 0 4 5 3 6 1 7 2
14 2 7 6 4 5 3 2 1 7 0
14 1 8 4 7 3 0 6 2 5 1
14 1 8 4 7 5 3 0 6 2 1
14 1 7 6 5 3 0 1 4 7 2
14 1 9 6 4 5 0 3 7 2 1
14 1 8 1 4 0 5 6 7 2 3
14 1 8 7 6 4 3 0 2 5 1
14 1 7 6 4 3 1 7 2 5 0
14 1 7 0 2 4 3 6 7 5 1
14 1 8 4 5 3 0 6 7 2 1
14 1 7 6 5 3 4 0 7 2 1
14 2 5 1 4 5 3 2 6 7 0
14 1 6 4 5 2 3 0 6 7 1
14 1 4 4 2 3 0 6 5 7 1
14 1 3 6 2 3 4 0 5 7 1
14 1 8 0 6 4 3 1 7 5 2
14 1 8 6 4 3 2 1 7 5 0
14 1 7 4 2 7 3 6 0 5 1
14 1 7 0 4 7 3 6 2 5 1
14 2 5 1 6 5 3 2 4 7 0
14 1 8 6 5 3 1 4 7 2 0
14 1 8 0 6 4 5 3 7 2 1
14 1 8 0 3 4 5 6 7 2 1
14 1 8 6 4 2 5 1 7 3 0
14 1 8 0 6 4 5 1 7 2 3
14 1 7 6 4 5 1 0 3 7 2
14 1 7 3 4 5 1 0 6 7 2
14 1 2 4 2 3 1 5 6 7 0
14 2 1 0 2 3 4 5 6 7 1
14 1 6 0 6 2 3 4 5 7 1
14 1 6 0 4 2 5 3 6 7 1
14 1 5 0 5 3 1 4 6 7 2
14 3 3 4 0 3 1 5 6 7 2
14 1 3 5 2 3 1 4 6 7 0
14 1 5 6 3 5 1 0 4 7 2
14 2 4 1 3 5 0 6 4 7 2
14 1 4 6 2 3 1 4 5 7 0
14 1 7 4 6 5 3 7 2 0 1
14 1 8 6 4 2 3 1 7 0 5
14 1 8 6 0 4 3 1 7 2 5
14 1 8 6 4 3 0 1 7 2 5
14 1 7 6 4 5 2 3 0 7 1
14 1 7 3 4 5 2 6 0 7 1
14 1 4 1 4 5 0 7 2 6 3
14 1 7 3 0 6 5 7 4 2 1
14 1 8 6 0 2 3 7 5 4 1
14 1 5 1 6 5 3 7 4 0 2
14 1 8 1 4 5 6 0 7 2 3
13 1 6 1 4 5 6 7 0 2 3
13 1 5 1 4 5 6 7 2 0 3
13 1 5 1 0 5 6 7 4 2 3
14 1 7 6 4 5 2 1 0 7 3
14 1 8 6 4 1 5 7 2 0 3
14 1 6 6 4 5 7 2 0 1 3
14 1 6 7 4 5 3 1 6 0 2
14 1 6 6 4 3 1 2 0 5 7
14 1 7 4 7 5 3 1 6 0 2
14 1 7 1 0 4 3 6 7 5 2
14 1 7 1 4 3 0 6 7 5 2
14 1 5 1 0 6 3 7 4 5 2
14 1 5 1 0 5 3 7 6 4 2
14 1 6 6 0 5 3 7 4 2 1
14 1 6 6 4 5 3 7 2 0 1
14 1 6 4 5 3 2 6 0 7 1
14 1 6 6 5 3 1 7 4 0 2
14 1 6 6 0 5 1 7 4 3 2
14 1 7 6 7 5 3 4 2 0 1
14 1 6 6 7 5 3 1 4 0 2
14 1 7 6 0 7 3 4 2 5 1
14 1 6 6 2 4 3 7 5 0 1
14 1 6 6 2 3 0 7 5 4 1
14 1 5 1 0 5 3 6 4 7 2
14 1 5 1 5 7 3 6 4 0 2
14 1 6 5 3 0 6 7 4 2 1
14 1 6 7 4 3 6 2 0 5 1
14 1 6 4 2 3 6 7 0 5 1
14 1 6 4 3 0 6 7 2 5 1
14 1 6 6 4 5 3 2 1 0 7
14 1 7 1 4 2 5 6 7 0 3
14 1 7 1 0 4 5 6 7 2 3
14 1 4 1 4 5 3 2 6 0 7
14 1 2 6 2 3 4 5 0 7 1
14 1 7 1 6 4 3 0 7 5 2
14 1 7 6 4 3 2 1 7 0 5
14 1 6 4 2 7 3 6 5 0 1
14 1 6 4 2 7 3 0 6 5 1
14 1 4 1 6 5 3 2 4 0 7
14 1 7 6 5 3 1 4 7 0 2
14 1 7 1 6 4 5 0 7 2 3
14 1 5 4 0 2 5 3 6 7 1
14 1 4 5 0 3 1 4 6 7 2
14 1 7 6 4 2 3 1 0 7 5
14 1 6 6 0 5 2 3 4 7 1
14 1 6 3 0 5 2 6 4 7 1
14 1 6 0 3 6 5 7 4 2 1
14 1 7 6 2 0 3 7 5 4 1
14 1 6 6 0 5 2 1 4 7 3
14 1 5 6 0 5 7 2 4 1 3
14 1 5 6 4 5 7 2 1 0 3
14 1 5 7 4 5 3 1 0 6 2
14 1 5 6 0 3 1 2 4 5 7
14 1 6 4 7 5 3 1 0 6 2
14 1 5 4 0 3 2 6 5 7 1
14 1 5 4 5 3 2 0 6 7 1
14 1 5 7 0 3 6 2 4 5 1
14 1 5 4 2 3 6 7 5 0 1
14 1 5 4 3 5 6 7 2 0 1
14 1 6 1 4 2 5 6 0 7 3
14 1 3 1 4 5 3 2 0 6 7
14 1 6 6 4 3 2 1 0 7 5
14 1 5 4 2 0 3 6 5 7 1
14 1 6 6 5 3 1 4 0 7 2
14 1 4 4 2 0 5 3 6 7 1
14 1 5 0 3 5 2 6 4 7 1
14 1 6 6 2 4 3 7 5 0 1
14 1 6 6 2 3 0 7 5 4 1
14 1 4 7 0 5 3 1 4 6 2
14 1 4 6 3 0 1 2 4 5 7
14 1 4 7 3 0 6 2 4 5 1
14 1 5 1 4 2 5 0 6 7 3
14 1 2 1 0 5 3 2 4 6 7
14 1 4 4 2 3 0 6 5 7 1
14 1 5 6 0 3 1 4 5 7 2
14 1 3 6 3 5 1 2 4 0 7
14 1 3 7 3 5 6 2 4 0 1
15 3 9 6 4 0 3 7 2 1 5
15 3 9 3 4 5 6 0 7 2 1
14 1 7 3 4 5 6 7 0 2 1
14 1 6 3 0 5 6 7 4 2 1
14 1 6 3 4 5 6 7 2 0 1
14 1 5 0 3 5 6 7 4 2 1
15 3 8 1 4 0 3 6 7 2 5
15 1 10 6 5 2 3 7 4 1 0
14 1 8 6 5 2 3 7 4 0 1
14 1 7 6 5 0 3 7 4 2 1
14 1 6 6 0 5 3 7 4 2 1
15 3 9 6 4 5 1 0 7 2 3
14 1 7 6 4 5 1 7 0 2 3
14 1 6 6 4 5 1 7 2 0 3
14 1 6 6 0 5 1 7 4 2 3
15 3 7 7 4 5 0 3 6 2 1
15 3 7 6 5 0 1 7 4 2 3
15 3 7 0 5 3 1 7 4 2 6
15 3 7 6 4 0 1 7 2 5 3
15 3 7 0 4 3 1 7 2 5 6
15 3 8 4 7 5 0 3 6 2 1
15 1 10 4 5 2 3 6 7 1 0
14 1 8 4 5 2 3 6 7 0 1
14 1 7 4 5 2 3 6 0 7 1
14 1 6 4 0 2 3 6 5 7 1
14 1 6 4 5 2 3 0 6 7 1
14 1 5 4 2 0 3 6 5 7 1
14 1 4 4 2 3 0 6 5 7 1
15 3 8 4 5 3 6 0 7 2 1
15 3 7 6 7 5 0 3 4 2 1
15 1 9 6 7 5 3 4 2 1 0
14 1 7 6 7 5 3 4 2 0 1
15 1 8 6 2 4 3 7 5 1 0
14 1 6 6 2 4 3 7 5 0 1
15 3 6 4 5 2 0 3 6 7 1
15 3 4 4 2 3 6 0 5 7 1
15 2 9 6 4 5 3 1 7 2 0
15 1 9 6 4 5 3 0 7 2 1
14 1 7 6 4 5 3 7 0 2 1
14 1 6 6 0 5 3 7 4 2 1
14 1 6 6 4 5 3 7 2 0 1
15 2 8 6 4 5 3 0 2 1 7
15 1 8 6 4 5 3 7 2 1 0
14 1 6 6 4 5 3 7 2 0 1
15 3 6 1 5 3 6 7 4 2 0
15 1 7 6 5 0 2 7 4 3 1
15 1 7 6 5 3 2 7 0 4 1
15 1 7 6 5 3 7 4 0 2 1
15 2 6 6 5 3 7 1 4 2 0
15 3 6 1 4 3 6 7 2 5 0
15 2 6 6 4 3 7 1 2 5 0
15 2 7 3 7 5 0 6 4 2 1
15 3 6 1 7 5 3 6 4 2 0
15 1 8 7 5 2 3 6 4 0 1
15 1 8 7 0 4 3 6 2 5 1
15 1 9 6 4 0 3 1 7 5 2
15 1 9 4 0 5 3 6 7 2 1
15 1 8 6 4 5 3 0 1 7 2
15 1 8 6 4 5 3 1 7 0 2
15 2 7 3 6 5 0 1 4 7 2
15 2 9 3 4 5 1 0 7 2 6
14 1 7 3 4 5 1 7 0 2 6
14 1 6 3 0 5 1 7 4 2 6
14 1 6 3 4 5 1 7 2 0 6
14 1 5 0 3 5 1 7 4 2 6
14 1 5 3 4 5 1 7 2 6 0
15 3 7 1 4 5 2 6 7 0 3
15 2 7 3 6 5 1 0 4 2 7
15 1 7 1 6 0 5 7 4 2 3
15 3 5 1 6 5 2 7 4 0 3
15 3 5 1 6 5 7 0 4 2 3
15 2 8 3 6 4 0 7 2 5 1
15 3 7 1 6 4 3 7 2 5 0
15 1 8 7 6 5 3 4 0 2 1
15 2 7 7 6 5 3 1 4 2 0
15 2 7 0 5 3 6 7 4 2 1
15 3 6 6 5 3 2 7 4 0 1
15 3 6 6 5 3 7 0 4 2 1
15 2 7 0 4 3 6 7 2 5 1
15 3 6 6 4 3 7 0 2 5 1
15 1 7 6 4 5 1 7 2 3 0
15 2 7 3 4 5 0 7 6 2 1
15 3 6 1 4 5 3 7 6 2 0
15 1 8 6 4 0 1 7 2 3 5
15 1 8 6 4 3 1 7 0 2 5
15 2 8 3 7 5 0 4 6 2 1
15 3 7 1 7 5 3 4 6 2 0
15 2 7 6 2 4 3 1 7 5 0
15 2 8 4 5 3 1 0 7 2 6
15 3 6 1 5 3 4 6 7 2 0
15 1 7 0 4 5 3 1 6 7 2
15 2 6 3 5 2 0 4 6 7 1
15 3 5 1 5 2 3 4 6 7 0
15 1 5 4 6 2 3 5 0 7 1
15 1 5 0 4 2 3 5 6 7 1
15 1 5 4 2 3 1 6 5 0 7
15 2 4 4 2 3 1 0 5 7 6
15 1 4 2 0 3 4 6 5 7 1
15 3 2 1 2 3 4 6 5 7 0
15 1 8 0 7 5 3 4 6 2 1
15 1 8 7 5 0 3 4 6 2 1
15 1 8 7 6 0 3 4 2 5 1
15 1 7 7 6 0 3 1 4 5 2
15 1 7 7 6 5 3 1 0 4 2
15 1 6 6 4 3 7 2 5 0 1
15 1 9 6 7 4 3 1 0 5 2
15 2 8 0 4 3 6 1 7 5 2
15 3 7 6 4 3 5 1 7 0 2
15 1 7 7 4 5 3 6 0 2 1
15 1 7 0 7 5 3 6 4 2 1
15 1 7 7 5 0 3 6 4 2 1
15 1 7 7 4 0 3 6 2 5 1
15 1 8 4 7 0 3 6 2 5 1
15 1 8 4 7 5 3 6 0 2 1
15 1 7 6 4 5 3 1 0 7 2
15 1 7 0 6 5 3 1 4 7 2
15 1 7 6 5 0 3 1 4 7 2
15 1 7 1 6 5 3 4 0 7 2
15 1 7 6 5 7 3 1 0 4 2
15 1 7 6 5 7 3 1 4 2 0
15 1 9 6 5 0 3 4 7 2 1
15 2 8 0 5 3 6 4 7 2 1
15 3 7 6 5 3 2 4 7 0 1
15 1 9 6 4 0 1 3 7 5 2
15 1 9 6 4 5 1 3 7 2 0
15 1 9 6 4 0 5 3 7 2 1
15 1 9 6 7 4 5 3 0 2 1
15 1 9 3 4 0 1 6 7 5 2
15 1 9 3 4 5 1 6 7 2 0
15 1 9 3 4 0 5 6 7 2 1
15 1 9 3 7 4 5 6 0 2 1
15 1 7 3 6 0 1 7 4 5 2
15 1 7 3 6 5 1 7 0 4 2
15 1 7 3 6 5 1 7 4 2 0
15 1 9 6 4 0 5 1 7 2 3
15 1 9 6 7 4 5 1 0 2 3
15 1 8 4 5 0 1 6 7 3 2
15 1 8 4 5 3 1 6 7 2 0
15 1 7 5 7 3 4 6 0 2 1
15 1 7 0 5 3 4 6 7 2 1
15 1 7 5 3 0 4 6 7 2 1
15 1 6 5 6 2 3 4 0 7 1
15 1 6 0 5 2 3 4 6 7 1
15 1 4 4 2 7 3 5 6 0 1
15 1 4 4 0 2 3 5 6 7 1
15 1 7 6 4 5 3 2 0 1 7
15 1 7 0 6 5 3 2 4 1 7
15 1 7 6 5 0 3 2 4 1 7
15 1 7 6 4 0 3 2 1 5 7
15 1 5 6 4 3 7 2 0 5 1
15 1 5 0 6 3 7 2 4 5 1
15 1 8 6 5 2 3 4 7 0 1
15 1 8 6 4 5 1 3 7 0 2
15 1 8 6 0 2 5 3 4 7 1
15 1 8 6 4 2 5 0 3 7 1
15 1 8 6 4 2 5 3 7 0 1
15 1 8 3 4 5 1 6 7 0 2
15 1 8 3 0 2 5 6 4 7 1
15 1 8 3 4 2 5 6 7 0 1
15 1 8 6 0 2 5 1 4 7 3
15 1 8 6 4 2 5 0 1 7 3
15 1 8 6 4 2 5 1 7 0 3
15 1 7 4 5 3 1 6 7 0 2
15 1 5 5 2 7 3 4 6 0 1
15 1 5 5 0 2 3 4 6 7 1
15 1 3 4 2 0 3 5 6 7 1
15 1 4 6 0 3 7 2 4 5 1
15 1 4 6 3 7 0 2 4 5 1
15 1 7 6 5 2 3 4 0 7 1
15 1 7 6 4 5 1 3 0 7 2
15 1 7 0 6 5 1 3 4 7 2
15 1 7 6 5 0 1 3 4 7 2
15 1 7 3 4 5 1 6 0 7 2
15 1 7 3 5 0 1 6 4 7 2
15 1 7 3 4 2 5 6 0 7 1
15 2 6 3 4 2 5 1 6 7 0
15 3 5 3 0 2 5 4 6 7 1
15 3 5 3 4 2 0 5 6 7 1
15 1 6 4 5 3 1 6 0 7 2
15 1 6 0 4 3 1 6 5 7 2
15 1 6 4 3 0 1 6 5 7 2
15 2 5 4 5 3 1 2 6 7 0
15 1 4 5 2 0 3 4 6 7 1
15 2 3 0 2 3 5 4 6 7 1
15 3 2 5 2 3 4 0 6 7 1
15 1 3 6 3 0 7 2 4 5 1
15 1 3 6 3 5 7 2 0 4 1
15 1 6 6 2 7 3 4 5 0 1
15 1 6 6 0 2 3 4 5 7 1
15 1 6 3 0 5 1 6 4 7 2
15 1 5 6 2 0 3 4 5 7 1
15 2 4 0 2 3 6 4 5 7 1
15 1 9 4 0 5 3 1 7 2 6
15 3 7 7 4 5 3 1 0 2 6
15 1 8 7 4 5 3 0 2 1 6
15 1 8 4 0 5 3 7 2 1 6
15 1 7 7 6 5 1 3 4 2 0
15 2 6 0 6 5 7 3 4 2 1
15 1 8 7 4 5 0 6 2 1 3
15 1 9 4 7 5 0 6 2 1 3
15 1 10 4 6 5 3 0 7 2 1
14 1 8 4 6 5 3 7 0 2 1
14 1 7 4 0 5 3 7 6 2 1
14 1 7 4 6 5 3 7 2 0 1
15 1 9 4 0 5 6 3 7 2 1
15 3 7 7 4 5 6 3 0 2 1
15 1 6 1 4 5 3 7 0 2 6
15 1 6 0 1 5 3 7 4 2 6
15 1 6 1 5 0 3 7 4 2 6
15 1 6 1 4 0 3 7 2 5 6
15 1 5 1 4 5 3 7 2 0 6
15 2 4 1 4 5 3 0 2 6 7
15 1 9 6 5 2 3 0 7 4 1
15 1 6 1 6 5 0 7 4 2 3
15 1 8 0 6 4 3 7 2 5 1
15 1 9 4 0 5 6 1 7 2 3
15 3 7 7 4 5 6 1 0 2 3
15 1 8 1 4 5 0 6 7 2 3
15 1 9 6 0 4 5 7 2 1 3
15 1 8 7 4 5 6 0 2 1 3
15 1 8 4 0 5 6 7 2 1 3
15 1 7 0 4 5 7 6 2 1 3
15 1 7 7 4 5 0 1 6 2 3
15 1 7 0 5 3 1 6 4 2 7
15 1 7 0 4 3 1 6 2 5 7
15 1 8 4 7 5 0 1 6 2 3
15 1 7 0 4 5 3 7 6 2 1
15 1 6 1 6 3 0 7 4 5 2
15 1 7 7 6 5 3 0 4 2 1
15 1 7 6 5 3 0 7 4 2 1
15 1 7 6 4 3 0 7 2 5 1
15 1 7 6 0 3 1 7 5 4 2
15 1 7 6 7 5 0 1 4 2 3
15 1 8 6 7 3 0 4 2 5 1
15 1 7 6 2 4 3 0 7 5 1
15 1 6 1 4 5 3 0 6 7 2
15 1 6 6 1 5 3 0 4 7 2
15 1 6 1 5 3 0 6 4 7 2
15 1 7 6 4 2 3 0 5 7 1
15 1 6 4 5 2 0 1 6 7 3
15 1 8 4 0 5 3 6 2 1 7
15 2 6 0 6 5 7 1 4 2 3
15 1 6 5 0 3 7 6 4 2 1
15 1 6 4 0 3 7 6 2 5 1
15 1 7 7 5 3 1 6 4 2 0
15 2 6 0 5 3 7 6 4 2 1
15 1 7 7 4 3 1 6 2 5 0
15 2 6 0 4 3 7 6 2 5 1
15 1 8 4 0 5 3 6 1 7 2
15 3 6 1 4 5 3 6 0 7 2
15 1 7 6 4 5 0 2 1 7 3
15 1 8 4 7 3 1 6 2 5 0
15 2 7 0 7 3 4 6 2 5 1
15 1 7 6 5 3 2 1 4 7 0
15 3 5 6 5 3 7 1 4 0 2
15 1 8 7 6 4 3 2 0 5 1
15 1 7 6 4 3 1 7 2 0 5
15 1 7 6 5 3 4 7 0 2 1
15 3 5 6 0 3 4 5 7 2 1
15 1 5 1 4 5 0 2 6 7 3
15 1 4 4 2 3 1 6 5 7 0
15 2 3 0 2 3 4 6 5 7 1
15 1 8 6 0 4 3 1 7 5 2
15 1 8 6 4 3 0 1 7 5 2
15 1 7 4 0 7 3 6 2 5 1
15 1 7 6 4 7 3 0 2 5 1
15 1 5 1 6 5 0 2 4 7 3
15 1 8 6 5 3 0 4 7 2 1
15 1 8 3 6 4 5 0 7 2 1
15 1 8 6 0 4 5 3 7 2 1
15 1 8 6 3 4 5 0 7 2 1
15 1 8 3 0 4 5 6 7 2 1
15 1 8 6 4 2 0 1 7 3 5
15 1 8 6 0 4 5 1 7 2 3
15 1 7 0 4 5 1 6 3 7 2
15 2 6 6 4 5 1 2 3 7 0
15 1 7 0 4 5 1 3 6 7 2
15 2 6 3 4 5 1 2 6 7 0
15 1 2 4 2 3 0 5 6 7 1
15 1 6 4 6 2 3 0 5 7 1
15 1 6 3 4 2 5 0 6 7 1
15 1 5 4 5 3 1 0 6 7 2
15 2 4 1 5 3 0 4 6 7 2
15 1 3 5 2 3 0 4 6 7 1
15 1 5 0 3 5 1 6 4 7 2
15 2 4 6 3 5 1 2 4 7 0
15 1 4 1 3 5 2 6 4 7 0
15 3 2 1 3 5 7 6 4 0 2
15 1 4 6 2 3 0 4 5 7 1
15 1 8 0 6 4 3 1 7 2 5
15 1 8 6 4 3 5 1 7 2 0
15 1 7 6 4 5 2 0 3 7 1
15 1 7 3 4 5 2 0 6 7 1
15 1 4 1 4 5 3 7 2 6 0
15 1 8 0 6 2 3 7 5 4 1
15 1 6 1 4 0 6 7 2 5 3
15 1 6 1 4 5 6 7 0 2 3
15 1 6 1 4 5 6 7 2 3 0
15 1 6 0 1 5 6 7 4 2 3
15 1 6 1 5 0 6 7 4 2 3
15 1 7 1 4 3 2 6 7 5 0
15 1 7 6 2 7 3 4 0 5 1
15 1 6 6 2 3 1 7 5 4 0
15 3 4 6 2 3 4 7 5 0 1
15 1 6 5 3 6 0 7 4 2 1
15 1 6 4 2 3 6 0 7 5 1
15 1 6 4 3 6 0 7 2 5 1
15 1 7 1 4 2 5 6 7 3 0
15 1 7 1 6 4 3 7 0 5 2
15 1 6 0 2 7 3 4 6 5 1
15 1 7 1 6 4 5 7 0 2 3
15 1 6 7 3 6 5 0 4 2 1
15 1 5 0 5 3 2 4 6 7 1
15 3 3 4 0 3 2 5 6 7 1
15 1 5 6 3 5 2 0 4 7 1
15 1 4 7 3 6 0 2 4 5 1
15 1 5 0 6 3 1 4 5 7 2
15 1 8 6 4 1 3 7 2 0 5
15 1 5 7 3 5 6 0 4 2 1
15 1 7 1 4 2 3 6 7 0 5
15 1 7 1 0 4 3 6 7 2 5
15 1 7 1 4 3 0 6 7 2 5
15 1 6 6 0 5 1 7 4 2 3
15 1 6 6 4 5 1 7 2 0 3
15 1 3 4 2 3 6 5 0 7 1
15 1 5 1 5 3 6 7 4 0 2
15 1 6 6 0 5 2 7 4 3 1
15 1 6 6 5 3 7 4 2 0 1
15 1 5 1 7 5 3 6 4 0 2
15 1 7 7 2 4 3 6 0 5 1
15 1 5 7 3 5 1 0 4 2 6
15 2 4 1 3 5 0 7 4 2 6
15 1 5 3 4 5 0 7 2 6 1
15 1 6 1 4 5 2 6 0 7 3
15 1 6 1 0 6 5 7 4 2 3
15 1 7 3 6 0 4 7 2 5 1
15 1 6 1 6 4 3 7 2 0 5
15 1 7 7 0 5 3 4 6 2 1
15 1 7 7 6 5 3 4 2 0 1
15 1 6 7 6 5 3 1 4 0 2
15 1 5 1 4 5 3 7 6 0 2
15 1 7 6 0 4 1 7 2 3 5
15 1 7 6 0 3 1 7 4 2 5
15 1 6 1 7 5 3 4 6 0 2
15 1 6 6 2 4 3 1 7 0 5
15 1 5 1 5 3 4 6 7 0 2
15 1 3 4 2 3 1 5 0 7 6
15 1 7 7 5 2 3 4 6 0 1
15 1 7 7 5 3 0 4 6 2 1
15 1 7 7 0 6 3 4 2 5 1
15 1 7 7 6 3 0 4 2 5 1
15 1 6 7 0 6 3 1 4 5 2
15 1 6 7 0 5 3 1 6 4 2
15 1 8 6 7 4 3 1 5 0 2
15 1 7 1 4 3 6 0 7 5 2
15 1 7 4 0 3 6 1 7 5 2
15 1 6 6 4 3 5 1 0 7 2
15 1 6 7 0 5 3 6 4 2 1
15 1 6 7 4 5 3 6 2 0 1
15 1 7 4 7 5 3 6 2 0 1
15 1 6 6 0 5 3 1 4 7 2
15 1 6 1 6 5 3 0 4 7 2
15 1 6 6 5 7 3 1 4 0 2
15 1 6 1 0 5 3 4 6 7 2
15 1 7 5 0 3 6 4 7 2 1
15 1 6 6 5 3 2 4 0 7 1
15 1 8 6 0 4 1 3 7 5 2
15 1 8 6 7 4 5 3 2 0 1
15 1 8 3 0 4 1 6 7 5 2
15 1 8 3 7 4 5 0 6 2 1
15 1 8 3 7 4 5 6 2 0 1
15 1 6 3 6 5 1 7 4 0 2
15 1 6 3 0 6 1 7 4 5 2
15 1 6 3 0 5 1 7 6 4 2
15 1 8 6 7 4 5 1 2 0 3
15 1 6 5 0 3 4 6 7 2 1
15 1 6 5 7 3 4 0 6 2 1
15 1 6 5 7 3 4 6 2 0 1
15 1 6 5 3 2 4 6 7 0 1
15 1 6 6 0 5 3 2 4 1 7
15 1 6 6 4 5 3 2 1 0 7
15 1 6 6 5 1 3 2 4 0 7
15 1 7 6 4 2 5 3 0 7 1
15 1 7 6 2 0 5 3 4 7 1
15 1 7 3 2 0 5 6 4 7 1
15 1 7 6 4 2 5 1 0 7 3
15 1 7 6 2 0 5 1 4 7 3
15 1 6 6 0 5 1 3 4 7 2
15 1 6 6 5 7 1 3 4 0 2
15 1 6 3 5 7 1 6 4 0 2
15 1 4 3 2 0 5 4 6 7 1
15 1 5 4 0 3 1 6 5 7 2
15 1 1 0 2 3 4 5 6 7 1
15 1 2 6 3 5 7 2 4 0 1
15 1 8 4 7 5 3 1 0 2 6
15 1 6 7 0 5 3 1 4 2 6
15 1 6 7 4 5 3 1 2 0 6
15 1 7 7 4 5 3 2 0 1 6
15 1 6 7 6 5 1 3 4 0 2
15 1 5 6 0 5 7 3 4 2 1
15 1 8 4 7 5 6 3 0 2 1
15 1 6 7 0 5 6 3 4 2 1
15 1 6 7 4 5 6 3 2 0 1
15 1 5 1 0 5 3 7 4 2 6
15 1 3 1 4 5 3 2 0 6 7
15 1 8 4 7 5 6 1 0 2 3
15 1 6 7 0 5 6 1 4 2 3
15 1 6 7 4 5 6 1 2 0 3
15 1 8 6 2 4 5 7 0 1 3
15 1 7 7 4 5 6 2 0 1 3
15 1 6 6 4 2 3 5 0 7 1
15 1 5 1 6 5 7 0 4 2 3
15 1 5 6 0 5 7 1 4 2 3
15 1 5 5 3 0 7 6 4 2 1
15 1 5 4 3 0 7 6 2 5 1
15 1 6 7 5 3 1 6 4 0 2
15 1 7 4 1 5 3 6 0 7 2
15 1 5 1 0 5 3 6 4 7 2
15 1 7 4 7 3 1 6 2 0 5
15 1 6 7 0 3 4 6 2 5 1
15 1 6 6 5 3 2 1 4 0 7
15 1 7 7 0 4 3 2 6 5 1
15 1 7 7 6 4 3 2 5 0 1
15 1 6 6 0 3 4 7 5 2 1
15 1 6 6 5 3 4 7 2 0 1
15 1 6 6 4 7 3 2 0 5 1
15 1 5 6 4 5 1 2 3 0 7
15 1 5 3 4 5 1 2 6 0 7
15 1 5 4 6 2 3 5 0 7 1
15 1 3 6 3 5 1 2 4 0 7
15 1 3 1 3 5 2 6 4 0 7
15 1 7 1 6 4 3 0 7 2 5
15 1 7 6 4 3 5 1 7 0 2
15 1 5 1 4 5 6 7 2 0 3
15 1 5 1 0 5 6 7 4 2 3
15 1 6 1 4 3 2 6 7 0 5
15 1 6 6 2 7 3 4 5 0 1
15 1 5 6 2 3 1 7 5 0 4
15 1 6 1 0 4 3 7 6 5 2
15 1 6 1 6 4 3 7 5 0 2
15 1 6 1 0 4 5 7 6 2 3
15 1 6 1 6 4 5 7 2 0 3
15 1 4 5 0 3 2 4 6 7 1
15 1 6 1 4 2 3 6 0 7 5
15 1 6 7 2 4 3 0 6 5 1
15 1 6 7 2 4 3 6 5 0 1
15 1 5 1 0 5 2 6 4 7 3
15 1 4 1 4 5 3 7 0 6 2
15 1 6 6 2 4 1 7 0 3 5
15 1 6 6 3 0 1 7 4 2 5
15 1 5 1 7 5 3 4 0 6 2
15 1 5 6 2 4 3 1 0 7 5
15 1 4 1 5 3 4 6 0 7 2
15 1 6 1 4 3 6 7 0 5 2
15 1 5 1 5 0 3 4 6 7 2
15 1 5 6 0 3 2 4 5 7 1
15 1 5 0 3 6 1 7 4 5 2
15 1 5 0 3 5 1 7 6 4 2
15 1 5 0 7 3 4 5 6 2 1
15 1 5 5 3 2 4 6 0 7 1
15 1 7 4 7 5 3 1 2 0 6
15 1 5 7 4 5 3 1 2 6 0
15 1 6 7 0 5 3 2 4 1 6
15 1 6 7 4 5 3 2 1 0 6
15 1 7 4 7 5 6 3 2 0 1
15 1 2 1 0 5 3 2 4 6 7
15 1 7 4 7 5 6 1 2 0 3
15 1 7 6 2 4 5 7 1 0 3
15 1 6 7 0 5 6 2 4 1 3
15 1 6 7 4 5 6 2 1 0 3
15 1 4 4 3 5 7 6 2 0 1
15 1 5 7 2 3 4 6 0 5 1
15 1 6 7 4 0 3 2 6 5 1
15 1 5 6 0 7 3 2 4 5 1
15 1 4 3 4 5 1 2 0 6 7
15 1 4 4 0 2 3 5 6 7 1
15 1 6 6 4 3 5 1 0 7 2
15 1 5 1 4 3 2 6 0 7 5
15 1 5 6 2 0 3 4 5 7 1
15 1 5 1 4 2 3 0 6 7 5
15 1 3 1 0 5 3 7 4 6 2
15 1 4 1 7 5 3 0 4 6 2
15 1 3 1 5 3 4 0 6 7 2
15 1 3 1 0 3 4 6 5 7 2
15 1 5 1 0 3 6 7 4 5 2
15 1 4 1 5 3 0 4 6 7 2
15 1 4 7 0 3 4 5 6 2 1
15 1 4 5 3 2 4 0 6 7 1
15 1 6 4 7 5 3 1 2 6 0
15 1 5 7 4 5 3 2 1 6 0
15 1 4 7 2 3 4 0 6 5 1
15 1 4 7 2 3 4 6 5 0 1
15 1 5 7 4 5 3 2 6 0 1
15 1 3 3 0 5 1 2 4 6 7
15 1 3 4 2 0 3 5 6 7 1
15 1 4 1 4 3 2 0 6 7 5
15 1 4 6 2 3 0 4 5 7 1
15 1 4 1 3 0 6 7 4 5 2
15 1 3 0 3 2 4 5 6 7 1
15 1 4 7 4 5 3 2 0 6 1
15 1 2 0 3 5 1 2 4 6 7
15 1 2 4 2 3 0 5 6 7 1
15 1 3 1 3 5 6 7 4 0 2
15 1 3 7 0 5 3 2 4 6 1
16 3 7 1 6 0 3 7 4 2 5
16 3 5 4 2 3 7 6 5 0 1
16 3 8 6 0 5 3 4 2 1 7
16 3 8 6 4 5 0 3 2 1 7
16 3 7 0 6 5 3 1 4 2 7
16 1 8 6 5 3 2 7 4 1 0
15 1 6 6 5 3 2 7 4 0 1
16 3 6 6 0 3 7 5 4 2 1
16 3 7 2 4 3 6 7 0 5 1
16 3 6 6 0 3 7 4 2 5 1
16 3 8 6 0 5 3 4 1 7 2
16 3 8 6 4 5 0 3 1 7 2
16 3 7 2 6 5 3 1 4 7 0
16 3 9 6 4 0 1 3 7 2 5
16 3 9 0 4 5 1 3 7 2 6
16 3 9 3 4 0 1 6 7 2 5
16 3 9 0 4 5 1 6 7 2 3
16 3 7 0 6 5 1 7 4 2 3
16 3 8 2 6 4 3 7 0 5 1
16 3 7 6 2 4 0 3 7 5 1
16 3 8 0 5 3 1 6 7 2 4
16 3 7 7 5 3 4 6 0 2 1
16 3 6 1 4 5 0 3 6 7 2
16 3 4 0 2 3 1 6 5 7 4
16 3 3 5 2 3 4 6 0 7 1
16 1 9 7 6 5 3 4 2 1 0
15 1 7 7 6 5 3 4 2 0 1
16 3 8 6 4 3 1 0 7 5 2
16 3 6 1 6 5 0 3 4 7 2
16 1 10 6 5 2 3 4 7 1 0
15 1 8 6 5 2 3 4 7 0 1
15 1 7 6 5 2 3 4 0 7 1
15 1 6 6 0 2 3 4 5 7 1
15 1 5 6 2 0 3 4 5 7 1
15 1 4 6 2 3 0 4 5 7 1
16 1 10 6 4 2 5 3 7 1 0
15 1 8 6 4 2 5 3 7 0 1
15 1 7 6 4 2 5 3 0 7 1
16 1 10 3 4 2 5 6 7 1 0
15 1 8 3 4 2 5 6 7 0 1
15 1 7 3 4 2 5 6 0 7 1
15 1 6 3 4 2 5 0 6 7 1
16 1 9 6 5 2 3 0 4 7 1
15 1 7 6 5 2 3 4 0 7 1
15 1 6 6 0 2 3 4 5 7 1
15 1 5 6 2 0 3 4 5 7 1
15 1 4 6 2 3 0 4 5 7 1
16 3 5 4 5 3 0 1 6 7 2
16 1 4 6 3 5 7 2 4 1 0
15 1 2 6 3 5 7 2 4 0 1
16 3 5 2 3 5 1 6 4 7 0
16 2 9 3 4 5 0 1 7 2 6
16 2 8 3 4 5 0 7 2 1 6
16 1 8 7 6 0 5 3 4 2 1
16 3 6 7 6 5 2 3 4 0 1
16 1 8 6 4 0 5 7 2 3 1
16 1 8 6 4 3 5 7 0 2 1
16 1 8 7 4 5 3 6 2 1 0
15 1 6 7 4 5 3 6 2 0 1
16 2 9 4 7 5 3 0 2 1 6
16 1 9 4 7 5 3 6 2 1 0
15 1 7 4 7 5 3 6 2 0 1
16 2 10 3 6 5 0 4 7 2 1
15 1 8 3 6 0 5 4 7 2 1
15 1 7 3 6 2 5 4 7 0 1
15 1 6 3 6 2 5 4 0 7 1
15 1 5 3 0 2 5 4 6 7 1
15 1 4 3 2 0 5 4 6 7 1
16 3 9 1 6 5 3 4 7 2 0
16 3 8 1 4 5 6 3 7 2 0
16 1 9 6 4 0 2 3 7 5 1
16 1 9 3 4 0 2 6 7 5 1
16 1 9 0 4 5 3 1 7 2 6
16 1 8 1 4 5 3 0 7 2 6
15 1 6 1 4 5 3 7 0 2 6
15 1 5 1 4 5 3 7 2 0 6
15 1 5 1 0 5 3 7 4 2 6
15 1 4 1 4 5 3 7 2 6 0
16 1 9 3 6 2 5 7 4 0 1
16 1 7 3 6 0 2 7 4 5 1
16 1 7 3 6 5 2 7 0 4 1
16 1 7 3 6 5 7 4 0 2 1
16 2 6 3 6 5 7 1 4 2 0
16 3 5 3 0 5 7 6 4 2 1
16 1 7 1 6 5 3 4 0 2 7
16 3 5 1 0 5 3 6 4 2 7
16 1 8 3 6 0 5 7 4 2 1
16 3 6 3 6 5 2 7 4 0 1
16 3 6 3 6 5 7 0 4 2 1
16 2 6 1 6 5 3 0 4 2 7
16 1 9 6 5 2 3 7 0 4 1
16 1 9 6 4 0 2 1 7 5 3
16 1 9 6 4 5 2 1 7 3 0
16 3 8 3 4 5 2 6 7 0 1
16 2 7 6 4 5 7 3 2 1 0
15 1 5 6 4 5 7 3 2 0 1
16 1 8 6 5 3 1 4 0 2 7
16 1 8 4 5 0 3 7 6 2 1
16 1 10 0 6 5 3 4 7 2 1
16 2 7 3 6 5 0 7 4 2 1
16 3 6 1 6 5 3 7 4 2 0
16 1 8 6 0 4 3 7 2 5 1
16 1 8 4 5 0 2 6 7 3 1
16 1 8 6 5 1 0 7 4 3 2
16 1 8 6 5 3 1 0 7 4 2
16 2 7 6 5 3 1 0 4 2 7
16 1 9 6 0 5 3 4 7 2 1
16 1 8 1 4 0 3 6 7 5 2
16 1 8 1 4 5 3 6 7 2 0
16 1 9 4 5 0 3 6 7 2 1
16 1 7 1 4 5 3 6 7 0 2
16 2 6 3 1 5 0 6 4 7 2
16 2 7 3 4 2 0 6 5 7 1
16 3 6 1 4 2 3 6 5 7 0
16 1 7 4 5 2 3 1 6 0 7
16 1 7 0 4 2 3 6 5 7 1
16 2 9 0 4 5 6 1 7 2 3
16 3 8 6 4 5 2 1 7 0 3
16 2 9 3 4 5 0 6 7 2 1
16 2 8 3 4 5 0 6 2 1 7
16 1 9 6 4 0 5 7 2 1 3
16 2 8 0 4 5 6 7 2 1 3
16 3 7 6 4 5 7 0 2 1 3
16 1 8 7 6 0 5 1 4 2 3
16 3 6 7 6 5 2 1 4 0 3
16 1 8 7 5 3 6 4 0 2 1
16 2 7 7 5 3 6 1 4 2 0
16 1 8 5 4 3 6 7 0 2 1
16 3 5 1 5 3 7 6 4 2 0
16 2 7 7 4 3 6 1 2 5 0
16 3 5 1 4 3 7 6 2 5 0
16 2 7 7 4 5 3 1 6 2 0
16 1 8 6 7 5 3 4 0 2 1
16 2 7 6 7 5 3 1 4 2 0
16 3 6 7 5 3 2 6 4 0 1
16 2 8 3 4 5 0 6 1 7 2
16 3 7 4 7 3 5 6 2 0 1
16 2 8 4 7 5 3 1 6 2 0
16 2 7 0 5 3 6 1 4 7 2
16 2 9 0 4 5 6 3 7 2 1
16 3 8 6 4 5 2 3 7 0 1
16 2 8 7 6 4 3 1 2 5 0
16 2 7 6 4 3 1 0 2 5 7
16 1 8 2 0 4 3 6 7 5 1
16 2 7 3 2 4 0 6 7 5 1
16 3 6 1 2 4 3 6 7 5 0
16 3 7 4 5 3 2 6 7 0 1
16 2 7 6 5 3 4 1 7 2 0
16 2 6 4 5 2 3 1 6 7 0
16 2 3 6 2 3 4 1 5 7 0
16 2 8 3 6 4 0 1 7 5 2
16 2 8 6 4 3 2 0 7 5 1
16 2 7 3 4 7 0 6 2 5 1
16 3 6 1 4 7 3 6 2 5 0
16 2 8 6 5 3 1 0 7 2 4
16 2 8 5 6 4 0 3 7 2 1
16 3 7 1 6 4 5 3 7 2 0
16 2 8 5 3 4 0 6 7 2 1
16 3 7 1 3 4 5 6 7 2 0
16 2 8 6 4 2 5 0 7 3 1
16 2 8 5 6 4 0 1 7 2 3
16 1 3 4 2 3 1 5 6 0 7
16 1 2 2 0 3 4 5 6 7 1
16 3 0 1 2 3 4 5 6 7 0
