6 0 6 1 4 5 3 6 2 7 0
6 1 5 1 4 5 3 6 2 0 7
7 1 6 1 4 5 0 6 2 7 3
8 2 6 1 4 5 3 0 2 7 6
8 2 6 1 4 0 3 6 2 5 7
8 2 6 1 4 5 3 6 0 2 7
8 2 6 1 4 5 3 6 2 7 0
8 2 6 1 4 0 5 6 2 7 3
8 4 4 1 4 5 7 6 2 0 3
8 3 5 1 4 5 3 2 0 7 6
8 3 5 1 4 5 3 6 2 0 7
8 3 5 1 0 5 3 6 4 2 7
8 3 5 1 0 4 5 6 2 7 3
8 4 4 1 0 5 3 2 4 7 6
8 4 4 1 2 4 5 6 0 7 3
8 5 3 1 2 4 5 0 6 7 3
9 3 6 1 4 0 3 6 2 7 5
9 3 6 1 4 3 0 6 2 5 7
9 3 6 1 4 5 3 0 6 2 7
9 3 6 1 4 5 0 6 2 7 3
9 3 6 1 4 7 5 6 2 0 3
9 4 5 1 0 4 3 6 2 7 5
9 4 5 1 4 3 0 6 2 7 5
9 4 5 1 4 3 7 6 2 5 0
9 5 4 1 2 4 3 6 0 7 5
9 6 3 1 2 4 3 0 6 7 5
10 3 7 0 4 5 3 6 2 7 1
10 3 7 0 4 5 1 6 2 7 3
10 4 6 1 4 5 6 0 2 7 3
10 3 7 0 4 5 3 1 2 7 6
10 3 7 1 0 4 3 6 2 5 7
10 4 6 1 4 5 3 0 2 7 6
10 5 5 1 4 0 7 6 2 5 3
10 5 5 1 4 5 7 6 0 2 3
10 5 5 1 4 5 7 6 2 3 0
10 4 6 1 4 5 3 2 7 0 6
10 4 6 1 4 0 3 6 2 5 7
10 4 6 1 4 5 3 6 0 2 7
10 4 6 1 4 5 3 6 2 7 0
10 4 6 0 1 5 3 6 4 2 7
10 4 6 1 5 0 3 6 4 2 7
10 4 6 0 1 4 5 6 2 7 3
10 4 6 1 4 0 5 6 2 7 3
10 5 5 1 4 5 3 2 0 7 6
10 5 5 0 1 5 3 2 4 7 6
10 5 5 1 5 0 3 2 4 7 6
10 5 5 1 0 4 5 6 2 7 3
10 5 5 1 2 4 5 6 7 0 3
10 6 4 0 2 4 5 1 6 7 3
10 6 4 1 2 4 5 6 0 7 3
10 7 3 1 2 4 5 3 6 7 0
10 8 2 1 2 4 0 5 6 7 3
10 4 6 1 4 7 3 6 2 0 5
10 6 4 1 4 5 7 6 2 0 3
10 5 5 1 4 3 5 6 2 7 0
10 5 5 1 4 3 7 6 2 0 5
10 8 2 1 2 4 3 5 6 7 0
10 5 5 1 4 5 6 2 0 7 3
10 4 6 1 2 4 3 6 0 5 7
10 6 4 1 0 5 7 6 4 2 3
10 5 5 1 4 5 3 2 7 6 0
10 5 5 1 4 5 3 6 2 0 7
10 5 5 1 0 5 3 6 4 2 7
10 6 4 1 0 5 3 2 4 7 6
10 6 4 1 5 7 3 2 4 0 6
10 7 3 1 2 4 5 0 6 7 3
10 9 1 1 2 0 4 5 6 7 3
10 6 4 1 0 5 6 2 4 7 3
10 5 5 1 2 4 3 0 6 5 7
10 5 5 1 2 4 3 6 5 0 7
10 7 3 1 5 7 3 2 4 6 0
10 6 4 1 2 4 3 6 5 7 0
11 5 6 1 0 5 3 4 2 7 6
11 5 6 1 4 5 0 3 2 7 6
11 4 7 0 4 5 3 1 6 2 7
11 5 6 1 4 5 3 7 6 2 0
11 4 7 1 4 7 5 6 0 2 3
11 4 7 1 4 7 5 6 2 3 0
11 5 6 0 1 4 3 6 2 7 5
11 5 6 1 4 0 3 6 2 7 5
11 5 6 1 4 3 0 6 2 5 7
11 6 5 1 4 3 7 0 2 5 6
11 6 5 1 0 4 3 6 2 7 5
11 6 5 1 2 4 3 6 7 0 5
11 7 4 0 2 4 3 1 6 7 5
11 7 4 1 2 4 3 6 0 7 5
11 4 7 6 4 5 3 0 2 7 1
11 4 7 4 0 5 3 6 2 7 1
11 4 7 6 4 5 1 0 2 7 3
11 4 7 4 0 5 1 6 2 7 3
11 5 6 1 4 5 0 6 2 7 3
11 4 7 4 0 5 3 1 2 7 6
11 6 5 1 4 5 7 0 6 2 3
11 5 6 1 4 5 3 0 6 2 7
11 5 6 6 1 5 3 0 4 2 7
11 5 6 1 5 3 0 6 4 2 7
11 5 6 6 1 4 5 0 2 7 3
11 5 6 1 4 7 5 6 2 0 3
11 6 5 1 5 3 0 2 4 7 6
11 6 5 1 2 4 5 6 7 3 0
11 8 3 1 2 4 0 3 6 7 5
11 5 6 1 4 7 3 6 2 5 0
11 6 5 1 4 3 0 6 2 7 5
11 6 5 1 4 3 7 6 2 5 0
11 9 2 1 2 4 0 5 6 7 3
11 6 5 1 4 5 0 2 7 6 3
11 8 3 1 5 7 0 2 4 6 3
11 7 4 1 2 4 0 6 5 7 3
11 6 5 1 4 5 3 7 6 0 2
11 5 6 1 0 7 5 6 4 2 3
11 7 4 1 4 3 7 2 0 5 6
11 8 3 1 2 4 3 0 6 7 5
11 5 6 6 4 5 3 2 0 7 1
11 5 6 6 4 5 1 2 0 7 3
11 6 5 1 5 3 7 6 4 2 0
11 9 2 1 2 0 4 3 6 7 5
11 10 1 1 2 0 4 5 6 7 3
11 9 2 1 5 0 7 2 4 6 3
11 8 3 1 2 0 4 6 5 7 3
11 7 4 1 4 5 3 7 0 6 2
11 8 3 1 0 3 7 2 4 5 6
11 6 5 6 0 5 3 2 4 7 1
11 6 5 6 0 5 1 2 4 7 3
11 7 4 1 5 3 7 6 4 0 2
11 10 1 1 0 5 7 2 4 6 3
11 8 3 1 0 5 3 7 4 6 2
11 9 2 1 3 0 7 2 4 5 6
11 10 1 1 3 5 7 2 4 0 6
11 11 0 1 3 5 7 2 4 6 0
