7 0 7 5 6 0 2 3 1 7 4
8 1 7 5 6 2 0 3 1 7 4
8 2 6 5 6 2 4 3 1 7 0
9 1 8 5 6 7 2 3 1 0 4
9 1 8 5 0 6 2 3 1 7 4
9 2 7 5 6 0 2 3 1 7 4
9 2 7 5 1 6 2 3 0 7 4
10 3 7 0 6 2 5 3 1 7 4
10 3 7 5 6 2 0 3 1 7 4
10 3 7 5 6 2 4 3 1 0 7
10 4 6 5 6 2 4 0 1 7 3
10 4 6 5 6 2 4 3 1 7 0
10 5 5 0 6 2 4 5 1 7 3
10 5 5 5 6 2 4 1 0 7 3
10 6 4 5 0 2 4 1 6 7 3
10 7 3 5 2 0 4 1 6 7 3
11 4 7 5 6 2 3 0 1 7 4
11 5 6 5 6 0 4 3 1 7 2
11 5 6 0 6 2 4 3 1 7 5
11 2 9 5 6 7 2 3 0 1 4
11 2 9 5 6 7 2 3 1 4 0
11 2 9 0 5 6 2 3 1 7 4
11 3 8 5 6 7 2 3 1 0 4
11 3 8 5 0 6 2 3 1 7 4
11 3 8 5 1 6 2 0 3 7 4
11 3 8 5 1 6 2 3 7 0 4
11 4 7 3 6 2 5 0 1 7 4
11 4 7 6 0 2 5 3 1 7 4
11 6 5 1 6 2 5 3 0 7 4
11 4 7 5 6 0 2 3 1 7 4
11 6 5 6 0 2 4 5 1 7 3
11 8 3 1 6 2 4 5 0 7 3
11 5 6 0 6 2 3 5 1 7 4
11 5 6 5 6 2 3 1 0 7 4
11 3 8 5 0 7 2 3 6 1 4
11 4 7 5 1 6 2 3 0 7 4
11 4 7 0 1 6 2 5 3 7 4
11 4 7 5 1 0 2 3 7 6 4
11 5 6 3 6 2 5 1 0 7 4
11 5 6 6 1 2 5 3 0 7 4
11 5 6 6 2 0 5 3 1 7 4
11 7 4 1 0 2 5 3 6 7 4
11 7 4 6 1 2 4 5 0 7 3
11 7 4 6 2 0 4 5 1 7 3
11 9 2 1 0 2 4 5 6 7 3
11 6 5 5 0 2 3 1 6 7 4
11 5 6 1 0 6 2 5 3 7 4
11 6 5 3 0 2 5 1 6 7 4
11 8 3 1 2 0 5 3 6 7 4
11 10 1 1 2 0 4 5 6 7 3
11 7 4 5 2 0 3 1 6 7 4
11 6 5 1 3 6 2 5 0 7 4
11 6 5 1 6 0 2 5 3 7 4
11 7 4 3 2 0 5 1 6 7 4
11 8 3 5 2 3 0 1 6 7 4
11 9 2 5 2 3 4 1 6 7 0
12 4 8 5 6 2 7 3 1 0 4
12 5 7 0 6 2 5 3 1 7 4
12 4 8 5 6 0 4 3 1 2 7
12 4 8 5 6 2 4 3 0 1 7
12 5 7 5 6 2 0 3 1 7 4
12 5 7 5 6 2 4 3 1 0 7
12 6 6 5 6 2 4 0 1 7 3
12 6 6 5 6 2 4 1 7 0 3
12 7 5 5 6 2 4 1 0 7 3
12 7 5 0 5 2 4 1 6 7 3
12 8 4 5 2 7 4 1 6 0 3
12 8 4 5 0 2 4 1 6 7 3
12 8 4 5 2 4 0 1 6 7 3
12 6 6 3 6 2 4 0 1 7 5
12 6 6 6 0 2 4 3 1 7 5
12 8 4 1 6 2 4 3 0 7 5
12 3 9 5 6 7 0 3 1 4 2
12 3 9 3 5 6 2 0 1 7 4
12 5 7 1 5 6 2 3 0 7 4
12 7 5 0 6 2 4 5 1 7 3
12 6 6 6 0 2 3 5 1 7 4
12 8 4 1 6 2 3 5 0 7 4
12 5 7 5 1 2 0 3 7 6 4
12 7 5 0 3 2 5 1 6 7 4
12 7 5 1 6 2 0 5 3 7 4
12 5 7 5 0 2 4 3 6 1 7
12 6 6 5 6 2 4 3 1 7 0
12 8 4 1 5 2 4 0 6 7 3
12 9 3 5 2 0 4 1 6 7 3
12 7 5 3 6 2 4 1 0 7 5
12 7 5 6 1 2 4 3 0 7 5
12 7 5 6 2 0 4 3 1 7 5
12 9 3 1 0 2 4 3 6 7 5
12 4 8 5 6 0 7 3 1 4 2
12 4 8 3 5 6 2 1 0 7 4
12 6 6 1 0 6 2 3 5 7 4
12 7 5 6 1 2 3 5 0 7 4
12 7 5 6 2 0 3 5 1 7 4
12 9 3 1 0 2 3 5 6 7 4
12 6 6 5 1 2 4 3 7 6 0
12 8 4 1 3 2 5 0 6 7 4
12 8 4 1 6 2 4 5 3 7 0
12 6 6 5 2 0 4 3 6 1 7
12 8 4 3 0 2 4 1 6 7 5
12 10 2 1 2 0 4 3 6 7 5
12 5 7 5 0 6 7 3 1 4 2
12 5 7 3 0 6 2 1 5 7 4
12 7 5 1 6 0 2 3 5 7 4
12 8 4 6 2 3 0 5 1 7 4
12 10 2 1 2 0 3 5 6 7 4
12 7 5 5 2 1 4 3 6 0 7
12 9 3 3 2 0 4 1 6 7 5
12 6 6 5 1 6 7 3 0 4 2
12 6 6 3 6 0 2 1 5 7 4
12 9 3 6 2 3 4 5 1 7 0
12 11 1 1 2 3 0 5 6 7 4
12 8 4 5 2 1 4 3 6 7 0
12 7 5 5 1 6 7 3 4 0 2
12 12 0 1 2 3 4 5 6 7 0
