8 0 8 7 6 2 3 1 0 4 5
8 1 7 7 0 2 3 1 6 4 5
8 1 6 7 2 0 3 1 6 4 5
8 1 5 7 2 4 3 1 6 0 5
8 1 5 7 2 3 0 1 6 4 5
9 1 5 7 2 3 5 1 6 4 0
9 3 3 7 2 3 4 1 6 0 5
9 1 4 7 2 3 5 1 6 0 4
10 1 9 7 6 2 3 0 1 4 5
10 1 9 7 6 2 3 1 4 0 5
10 1 8 7 6 2 3 1 0 4 5
10 1 8 0 7 2 3 1 6 4 5
10 1 7 7 0 2 3 1 6 4 5
10 1 6 7 2 0 3 1 6 4 5
10 1 6 7 2 4 3 1 0 6 5
10 1 6 7 2 4 3 1 6 5 0
10 2 5 0 2 3 7 1 6 4 5
10 1 5 7 2 3 0 1 6 4 5
10 1 8 7 6 0 3 1 4 2 5
10 1 7 1 7 2 3 0 6 4 5
10 1 5 7 2 4 3 1 6 0 5
10 1 4 1 2 3 7 0 6 4 5
10 1 7 7 0 6 3 1 4 2 5
11 3 5 7 2 3 1 0 6 4 5
11 2 5 7 2 3 5 0 6 4 1
11 1 4 7 2 0 4 1 6 3 5
11 1 4 7 2 3 4 1 0 6 5
11 1 4 7 2 3 4 1 6 5 0
11 1 5 7 2 0 5 1 6 3 4
11 1 5 7 2 3 5 1 0 6 4
11 1 5 7 2 3 5 1 6 4 0
11 1 9 0 6 2 3 7 1 4 5
11 2 8 7 6 2 3 5 1 4 0
11 1 9 7 6 2 3 1 4 5 0
11 1 6 7 2 4 0 1 6 5 3
11 3 3 7 2 3 4 1 6 0 5
11 1 8 7 6 3 0 1 4 2 5
11 2 6 1 7 2 3 5 6 4 0
11 2 3 1 2 3 7 5 6 4 0
11 1 4 7 2 3 5 1 6 0 4
11 1 7 7 6 2 3 5 1 0 4
11 1 5 7 2 0 4 1 6 5 3
11 1 5 1 7 2 3 5 6 0 4
11 1 2 1 2 3 7 5 6 0 4
12 3 5 0 2 3 5 1 6 4 7
12 1 9 7 6 2 3 0 1 4 5
12 1 9 7 6 2 3 1 4 0 5
12 2 8 3 7 2 0 1 6 4 5
12 1 8 7 6 2 3 1 0 4 5
12 1 8 0 7 2 3 1 6 4 5
12 1 7 7 0 2 3 1 6 4 5
12 1 7 7 0 4 3 1 2 6 5
12 1 7 7 2 4 3 0 1 6 5
12 2 6 7 2 4 3 0 6 5 1
12 1 6 2 0 3 7 1 6 4 5
12 1 6 7 2 0 3 1 6 4 5
12 2 5 0 2 3 7 1 6 4 5
12 1 8 1 7 2 3 6 0 4 5
12 3 6 1 0 2 3 7 6 4 5
12 1 6 7 2 4 3 1 0 6 5
12 1 6 7 2 4 3 1 6 5 0
12 1 5 1 2 3 7 6 0 4 5
12 1 8 7 4 6 3 1 0 2 5
12 1 8 0 7 6 3 1 4 2 5
12 1 8 7 6 0 3 1 4 2 5
12 1 5 0 2 3 1 7 6 4 5
12 2 4 7 2 3 1 5 6 4 0
12 1 5 0 2 3 5 7 6 4 1
12 1 5 7 2 3 0 1 6 4 5
12 1 9 6 0 2 3 7 1 4 5
12 3 7 1 6 2 3 7 0 4 5
12 1 8 7 6 2 0 5 1 4 3
12 1 9 7 6 2 0 1 4 5 3
11 1 7 7 6 0 2 1 4 5 3
11 1 6 7 6 5 2 1 4 0 3
11 1 6 7 0 6 2 1 4 5 3
12 3 7 7 6 0 3 1 4 5 2
12 1 8 7 6 3 5 1 4 2 0
12 2 7 0 6 3 7 1 4 2 5
12 1 6 1 7 2 0 5 6 4 3
12 1 3 1 2 3 0 5 6 4 7
12 1 4 1 2 3 5 0 6 4 7
12 1 7 1 7 2 3 0 6 4 5
12 1 6 7 4 0 3 1 2 6 5
12 1 5 2 3 0 7 1 6 4 5
12 1 5 7 2 4 3 1 6 0 5
12 1 4 1 2 3 7 0 6 4 5
12 1 7 1 0 2 3 6 7 4 5
12 1 5 1 2 0 3 7 6 4 5
12 1 7 7 0 6 3 1 4 2 5
12 1 7 7 4 6 3 1 2 0 5
12 1 7 1 7 6 3 0 4 2 5
12 1 3 7 2 3 1 5 6 0 4
12 1 8 6 1 2 3 7 0 4 5
12 1 8 6 2 0 3 7 1 4 5
12 1 6 1 0 2 3 7 6 4 5
12 1 6 7 6 5 3 1 4 0 2
12 1 6 7 0 6 3 1 4 5 2
12 1 7 7 6 3 5 1 4 0 2
12 1 6 1 6 3 7 0 4 2 5
12 1 6 6 0 3 7 1 4 2 5
12 1 6 1 2 0 3 6 7 4 5
12 1 4 1 2 3 0 7 6 4 5
12 1 4 1 2 4 3 7 6 0 5
12 1 6 7 4 0 3 1 2 6 5
12 1 7 6 2 4 3 7 1 0 5
12 1 7 6 2 3 0 7 1 4 5
12 1 5 1 2 0 3 7 6 4 5
12 1 5 6 3 0 7 1 4 2 5
12 1 5 1 2 4 3 6 7 0 5
12 1 5 1 2 3 0 6 7 4 5
12 1 4 1 2 4 3 7 6 0 5
12 1 4 1 2 3 0 7 6 4 5
12 1 4 1 2 4 3 6 0 7 5
12 1 3 1 2 4 3 0 6 7 5
13 3 6 7 2 0 5 1 6 4 3
13 3 9 7 0 2 3 6 1 4 5
13 3 9 7 6 2 0 3 1 4 5
13 3 8 5 7 2 3 1 6 4 0
13 3 6 7 2 0 3 1 6 5 4
13 3 6 0 2 4 3 1 6 5 7
13 3 5 5 2 3 7 1 6 4 0
13 3 7 1 7 2 0 3 6 4 5
13 3 4 1 0 3 7 2 6 4 5
13 1 6 7 2 3 1 6 0 4 5
13 1 6 7 2 3 5 6 0 4 1
13 3 4 7 2 3 0 5 6 4 1
13 1 5 7 0 2 4 1 6 3 5
13 1 5 7 2 4 0 1 6 3 5
13 1 5 7 0 3 4 1 2 6 5
13 1 5 7 2 3 4 0 1 6 5
13 1 5 7 2 3 0 1 6 5 4
13 2 4 7 2 3 4 0 6 5 1
13 1 6 7 0 2 5 1 6 3 4
13 1 6 7 0 3 5 1 2 6 4
13 1 6 7 2 3 5 0 1 6 4
13 2 5 7 2 3 5 0 6 4 1
13 2 9 3 6 2 0 7 1 4 5
13 2 9 7 6 2 3 0 4 5 1
13 2 6 0 2 4 7 1 6 5 3
13 3 5 7 2 4 5 1 6 0 3
13 1 4 7 2 0 4 1 6 3 5
13 1 4 7 2 3 4 1 0 6 5
13 1 4 7 2 3 4 1 6 5 0
13 3 7 7 6 3 2 1 4 0 5
13 1 5 7 2 0 5 1 6 3 4
13 1 5 7 2 3 5 1 0 6 4
13 1 5 7 2 3 5 1 6 4 0
13 1 8 7 6 0 3 5 1 2 4
13 1 8 7 6 2 3 5 0 1 4
13 1 8 7 6 2 3 5 1 4 0
13 1 6 7 2 5 4 1 6 0 3
13 1 6 7 0 2 4 1 6 5 3
13 1 6 7 2 4 0 1 6 5 3
13 1 6 1 7 0 3 5 6 2 4
13 1 6 1 7 2 3 5 0 6 4
13 1 6 1 7 2 3 5 6 4 0
13 1 3 1 2 0 7 5 6 3 4
13 1 3 1 2 3 7 5 0 6 4
13 1 3 1 2 3 7 5 6 4 0
13 1 9 0 6 2 3 7 1 4 5
13 1 9 7 6 2 3 1 4 5 0
13 1 8 3 7 2 5 1 6 4 0
13 1 8 3 7 0 2 1 6 4 5
13 3 6 3 7 2 4 1 6 0 5
13 1 7 0 2 4 3 7 1 6 5
13 2 6 7 2 4 3 5 1 6 0
13 1 6 0 2 4 3 7 6 5 1
13 1 8 1 7 2 3 6 4 0 5
13 1 5 1 0 3 7 6 2 4 5
13 1 5 1 2 3 7 6 4 0 5
13 1 8 7 6 3 0 1 4 2 5
13 1 5 7 2 3 1 0 6 4 5
13 3 3 7 2 3 4 1 6 0 5
13 1 7 1 6 2 3 0 7 4 5
13 1 8 7 6 0 2 5 1 4 3
13 3 6 7 6 2 4 5 1 0 3
13 2 8 0 6 2 7 1 4 5 3
13 1 7 7 6 0 2 1 4 5 3
13 1 7 7 6 5 2 1 0 4 3
13 1 7 7 6 5 2 1 4 3 0
13 1 7 7 4 6 2 1 0 5 3
13 1 7 0 7 6 2 1 4 5 3
13 1 7 7 6 3 0 1 4 5 2
13 1 6 1 7 0 2 5 6 4 3
13 3 4 1 7 2 4 5 6 0 3
13 3 1 1 2 3 4 5 6 0 7
13 1 6 7 4 3 0 1 2 6 5
13 1 7 7 4 6 3 1 2 5 0
13 1 8 6 1 2 3 0 7 4 5
13 1 8 6 1 2 3 7 4 0 5
13 1 7 7 6 3 5 1 0 4 2
13 1 6 1 6 3 7 4 0 2 5
13 1 4 1 2 3 5 7 6 4 0
13 3 2 1 2 3 4 7 6 0 5
13 1 7 6 2 3 5 7 1 4 0
13 3 5 6 2 3 4 7 1 0 5
13 1 5 1 2 3 5 6 7 4 0
13 3 3 1 2 3 4 6 7 0 5
13 2 2 1 2 4 3 5 6 7 0
13 1 8 7 1 2 3 6 0 4 5
13 1 8 7 2 0 3 6 1 4 5
13 1 7 5 7 2 3 1 6 0 4
13 1 5 1 2 4 3 0 6 5 7
13 1 4 5 2 3 7 1 6 0 4
13 1 3 1 3 0 7 2 6 4 5
13 1 5 7 3 0 5 1 2 6 4
13 1 8 7 6 2 3 4 0 5 1
13 1 5 1 2 4 7 0 6 5 3
13 1 4 7 2 3 5 1 6 0 4
13 1 7 7 6 2 3 5 1 0 4
13 1 7 7 6 3 0 5 1 2 4
13 1 7 7 0 2 3 5 6 1 4
13 1 5 7 2 0 4 1 6 5 3
13 1 5 1 7 2 3 5 6 0 4
13 1 5 1 0 7 3 5 6 2 4
13 1 5 1 7 3 0 5 6 2 4
13 1 5 1 0 2 3 5 7 6 4
13 1 2 1 2 3 7 5 6 0 4
13 1 7 3 7 2 5 1 6 0 4
13 1 7 3 7 4 2 1 6 0 5
13 1 7 3 0 7 2 1 6 4 5
13 1 7 1 7 0 3 6 4 2 5
13 1 4 1 3 0 7 6 2 4 5
13 1 7 7 6 4 2 5 1 0 3
13 1 7 1 6 2 7 0 4 5 3
13 1 7 6 0 2 7 1 4 5 3
13 1 6 7 6 5 2 1 4 0 3
13 1 6 7 0 6 2 1 4 5 3
13 1 6 7 0 5 2 1 6 4 3
13 1 6 1 7 6 2 0 4 5 3
13 1 5 1 7 4 2 5 6 0 3
13 1 5 1 0 7 2 5 6 4 3
13 1 0 1 2 3 4 5 6 7 0
