7 0 7 1 6 7 5 0 3 2 4
8 1 7 1 6 7 5 3 0 2 4
8 2 6 1 6 7 5 4 3 2 0
8 1 6 1 0 7 5 3 6 2 4
9 1 8 0 6 7 5 1 3 2 4
9 3 6 1 6 7 0 5 3 2 4
8 1 4 1 6 7 4 5 3 2 0
9 1 7 1 6 7 5 3 2 0 4
9 1 6 1 7 0 5 3 6 2 4
9 1 6 1 6 0 5 3 2 7 4
9 1 6 1 6 7 5 3 2 4 0
10 3 7 1 0 7 5 6 3 2 4
10 1 7 1 6 7 0 4 3 2 5
10 1 7 1 6 7 5 4 3 0 2
10 1 7 0 1 7 5 3 6 2 4
10 1 8 6 0 7 5 1 3 2 4
10 1 6 1 6 0 7 5 3 2 4
10 1 5 1 6 7 4 5 3 0 2
10 1 6 1 7 2 5 3 6 0 4
10 1 6 1 7 5 0 3 6 2 4
9 1 4 1 7 5 4 3 6 2 0
10 1 6 1 0 6 5 3 2 7 4
10 1 6 1 6 5 0 3 2 7 4
9 1 4 1 6 5 4 3 2 7 0
10 1 6 1 3 7 5 6 0 2 4
10 1 6 1 6 0 7 4 3 2 5
10 1 6 1 6 0 5 4 3 7 2
10 1 7 6 3 7 5 1 0 2 4
10 1 4 1 6 0 4 5 3 7 2
10 1 5 1 7 2 5 3 6 4 0
10 1 5 1 2 6 5 3 0 7 4
11 2 8 5 6 7 0 1 3 2 4
10 1 6 5 6 7 4 1 3 2 0
11 3 7 4 6 7 5 1 3 2 0
11 1 7 1 6 7 0 3 2 4 5
11 1 7 1 7 0 5 6 3 2 4
11 1 7 1 6 7 5 4 0 3 2
11 1 7 3 1 7 5 0 6 2 4
11 1 8 6 7 0 5 1 3 2 4
11 1 6 1 6 2 7 5 3 0 4
11 1 6 1 0 6 7 5 3 2 4
11 1 5 1 6 7 4 5 0 3 2
11 1 6 1 7 2 5 3 0 6 4
11 1 5 1 7 5 4 3 6 0 2
11 1 6 1 3 7 5 0 6 2 4
11 1 6 1 3 7 5 6 2 0 4
11 1 6 1 6 2 7 4 3 0 5
11 1 6 1 0 6 7 4 3 2 5
11 1 6 1 0 6 5 4 3 7 2
11 1 6 1 6 5 0 4 3 7 2
11 1 7 6 3 7 5 0 1 2 4
11 1 7 6 3 7 5 1 2 0 4
11 1 4 1 0 6 4 5 3 7 2
11 1 5 1 2 6 5 0 3 7 4
11 1 7 5 6 0 7 1 3 2 4
11 1 6 1 6 0 7 3 2 4 5
11 1 6 1 7 5 0 6 3 2 4
11 1 6 1 0 7 5 4 6 3 2
11 1 6 1 6 7 5 0 4 3 2
11 1 7 6 7 5 0 1 3 2 4
11 1 5 1 6 2 7 5 3 4 0
11 1 5 1 3 6 7 5 0 2 4
11 1 4 1 0 7 4 5 6 3 2
11 1 5 1 3 7 5 6 2 4 0
11 1 5 1 6 2 7 4 3 5 0
11 1 5 1 3 6 7 4 0 2 5
11 1 5 1 6 5 2 4 3 7 0
11 1 6 6 3 7 5 1 2 4 0
11 1 5 1 7 5 4 6 3 2 0
11 2 4 1 6 7 5 2 4 3 0
11 1 6 6 7 5 4 1 3 2 0
11 1 4 1 3 6 7 0 4 2 5
12 3 7 1 6 0 5 4 3 2 7
12 3 8 3 6 7 5 1 0 2 4
12 2 7 0 6 7 1 5 3 2 4
12 3 6 1 6 7 2 5 3 0 4
12 2 6 1 6 7 4 0 3 2 5
12 3 5 1 6 0 4 5 3 2 7
12 2 7 1 6 7 5 0 2 4 3
12 1 8 0 1 7 5 6 3 2 4
12 2 7 5 1 7 0 3 6 2 4
11 1 5 5 1 7 4 3 6 2 0
12 3 6 4 1 7 5 3 6 2 0
12 2 5 1 7 5 4 0 6 2 3
12 1 7 0 1 6 5 3 2 7 4
12 3 5 1 6 5 7 3 2 0 4
12 1 6 1 6 5 4 3 2 0 7
12 2 5 1 6 5 4 0 2 7 3
12 1 5 1 6 4 0 5 3 7 2
12 1 6 1 7 2 0 3 6 4 5
12 1 6 1 2 6 5 3 7 0 4
12 1 7 5 6 7 4 1 3 0 2
12 1 7 1 7 2 5 6 3 0 4
12 2 6 3 1 7 5 4 6 2 0
12 1 8 6 7 2 5 1 3 0 4
12 1 6 1 6 2 7 5 0 3 4
12 1 6 1 0 2 5 3 7 6 4
12 1 6 1 7 2 5 0 3 6 4
12 1 5 1 7 0 4 3 6 5 2
12 1 5 1 7 5 4 3 0 6 2
12 2 5 1 3 7 5 4 6 2 0
12 1 6 1 3 0 5 6 2 7 4
12 1 6 1 6 2 7 4 0 3 5
12 1 6 1 3 6 5 4 0 7 2
12 1 7 0 3 7 5 6 1 2 4
12 2 6 6 3 7 5 4 1 2 0
12 1 7 6 3 0 5 1 2 7 4
12 1 4 1 3 6 4 5 0 7 2
12 2 4 1 2 6 5 4 3 7 0
12 1 7 5 6 2 7 1 3 0 4
12 1 7 5 0 6 7 1 3 2 4
12 1 6 1 6 4 7 3 2 0 5
12 1 6 1 0 6 7 3 2 4 5
12 1 6 1 7 0 5 4 6 3 2
12 1 5 1 3 6 7 0 5 2 4
12 1 5 1 3 6 7 5 2 0 4
12 1 4 1 7 0 4 5 6 3 2
12 1 5 1 3 6 7 4 2 0 5
12 2 3 1 3 6 7 5 4 2 0
12 1 6 1 6 5 0 4 3 2 7
11 1 4 1 6 5 7 4 3 2 0
12 1 7 3 0 7 5 1 6 2 4
12 1 5 1 6 0 2 5 3 7 4
12 1 5 1 6 7 2 5 3 4 0
12 1 6 1 6 7 5 2 0 4 3
12 1 4 1 6 5 7 3 2 4 0
12 1 4 1 6 4 2 5 3 7 0
12 1 5 1 2 6 5 3 7 4 0
12 1 6 5 6 0 4 1 3 7 2
12 1 6 1 7 2 5 6 3 4 0
12 1 7 6 7 2 5 1 3 4 0
12 1 5 1 0 2 7 5 6 3 4
12 1 5 1 0 3 5 6 2 7 4
12 1 5 1 3 5 0 6 2 7 4
12 1 5 1 6 2 7 0 4 3 5
12 1 5 1 3 6 5 0 4 7 2
12 1 6 6 0 3 5 1 2 7 4
12 1 6 6 3 5 0 1 2 7 4
12 1 6 5 6 2 7 1 3 4 0
12 1 6 5 3 6 7 1 0 2 4
12 1 5 1 6 4 7 3 2 5 0
12 1 5 1 7 3 5 4 6 0 2
12 1 4 1 3 0 7 5 2 6 4
12 1 4 1 3 6 7 5 2 4 0
12 1 3 1 7 3 4 5 6 0 2
12 1 4 1 3 0 7 4 2 6 5
12 1 4 1 3 6 7 4 2 5 0
12 1 5 1 6 7 5 2 4 0 3
12 1 4 1 2 0 7 5 6 3 4
12 1 4 1 2 3 5 6 0 7 4
12 1 4 1 3 5 4 6 2 7 0
12 2 3 1 3 6 5 2 4 7 0
12 1 5 6 2 3 5 1 0 7 4
12 1 5 6 3 5 4 1 2 7 0
12 1 4 1 7 3 5 4 6 2 0
12 1 2 1 7 3 4 5 6 2 0
12 1 3 1 2 3 7 5 6 0 4
12 1 3 1 2 3 5 0 6 7 4
12 1 2 1 2 3 7 5 6 4 0
13 3 8 0 6 7 5 4 3 2 1
13 3 6 0 6 7 4 5 3 2 1
13 3 7 1 6 0 5 3 2 4 7
13 2 8 0 6 7 1 4 3 2 5
13 3 7 1 6 7 2 4 3 0 5
13 2 7 0 7 5 1 3 6 2 4
13 3 6 1 7 5 2 3 6 0 4
13 3 6 1 7 5 3 0 6 2 4
13 3 5 1 7 0 4 3 6 2 5
13 2 7 0 6 5 1 3 2 7 4
13 3 6 1 6 5 3 0 2 7 4
13 3 5 1 6 0 4 3 2 7 5
13 2 6 1 7 2 5 0 6 4 3
13 2 7 5 6 7 4 0 3 2 1
13 1 8 4 6 7 0 1 3 2 5
13 1 8 4 6 7 5 1 3 0 2
13 3 6 1 6 7 4 3 2 0 5
13 1 8 3 1 7 5 6 0 2 4
13 3 6 3 1 7 0 5 6 2 4
12 1 4 3 1 7 4 5 6 2 0
13 1 7 0 1 6 7 5 3 2 4
13 1 6 1 6 7 4 0 5 3 2
13 1 7 0 3 7 5 1 6 2 4
13 3 5 1 3 7 0 5 6 2 4
12 1 3 1 3 7 4 5 6 2 0
13 1 7 0 1 6 7 4 3 2 5
13 1 7 0 1 6 5 4 3 7 2
13 3 5 1 6 5 7 4 3 0 2
13 3 5 1 6 5 4 0 3 7 2
13 1 5 0 1 6 4 5 3 7 2
13 1 6 0 2 6 5 1 3 7 4
13 3 4 1 2 6 0 5 3 7 4
12 1 2 1 2 6 4 5 3 7 0
13 1 7 0 1 7 5 4 6 3 2
13 1 7 0 6 7 5 1 4 3 2
13 2 7 0 7 5 6 1 3 2 4
13 1 6 1 6 2 0 5 3 4 7
13 1 5 0 1 7 4 5 6 3 2
13 1 6 1 3 7 0 6 2 4 5
13 1 6 1 6 5 2 4 3 0 7
13 1 7 6 3 7 0 1 2 4 5
13 1 6 1 7 5 4 6 3 0 2
13 1 5 1 6 7 0 2 4 3 5
13 1 7 6 7 5 4 1 3 0 2
13 1 5 0 3 6 7 1 4 2 5
13 1 7 1 6 2 5 4 3 0 7
12 1 5 1 6 2 5 4 3 7 0
13 1 7 1 0 6 5 4 3 2 7
13 1 8 3 6 7 5 0 1 2 4
13 1 8 3 6 7 5 1 2 0 4
13 1 7 6 0 7 1 5 3 2 4
13 1 6 1 6 7 2 5 0 3 4
13 1 6 1 6 7 4 3 0 2 5
13 1 5 1 6 2 4 5 3 0 7
12 1 3 1 6 2 4 5 3 7 0
13 1 5 1 0 6 4 5 3 2 7
13 1 8 6 1 7 5 0 3 2 4
13 1 7 5 1 0 7 3 6 2 4
13 1 6 5 1 7 4 3 6 0 2
13 1 7 3 1 6 5 0 2 7 4
13 1 5 1 6 5 7 3 0 2 4
13 1 6 1 6 0 4 3 2 5 7
13 1 6 1 6 5 4 3 0 2 7
13 1 5 1 6 5 4 2 0 7 3
13 1 6 1 7 0 2 3 6 4 5
13 1 6 1 2 0 5 3 7 6 4
13 1 7 5 6 7 4 1 0 3 2
13 1 7 1 7 2 5 6 0 3 4
13 1 8 6 7 2 5 1 0 3 4
13 1 6 1 6 2 7 0 5 3 4
13 2 5 1 7 2 5 4 3 6 0
13 1 5 1 0 7 4 3 6 5 2
13 1 5 1 0 5 4 3 7 6 2
13 1 5 1 7 5 4 0 3 6 2
13 1 6 1 0 2 7 4 6 3 5
13 1 6 1 3 6 5 4 7 0 2
13 1 7 5 6 2 7 1 0 3 4
13 1 7 0 5 6 7 1 3 2 4
13 1 6 1 6 4 7 3 0 2 5
13 1 6 1 2 6 7 3 0 4 5
13 1 6 1 7 5 0 4 6 3 2
13 2 4 1 3 6 7 4 5 2 0
13 1 7 3 7 0 5 1 6 2 4
13 1 5 1 0 6 2 5 3 7 4
13 1 5 1 6 2 0 5 3 7 4
13 1 6 1 0 7 5 2 6 4 3
13 1 6 5 0 6 4 1 3 7 2
13 2 4 1 6 2 7 5 4 3 0
13 1 6 0 6 3 5 1 2 7 4
13 1 6 5 3 6 7 0 1 2 4
13 1 6 5 3 6 7 1 2 0 4
13 1 5 1 6 0 5 2 4 7 3
13 1 4 1 2 7 0 5 6 3 4
12 1 2 1 2 7 4 5 6 3 0
13 1 5 6 2 3 5 0 1 7 4
13 2 2 1 2 3 5 4 6 7 0
13 1 6 1 6 5 0 3 2 4 7
13 1 6 1 6 0 2 4 3 7 5
13 1 6 1 6 7 2 4 3 5 0
13 1 5 1 7 5 2 3 0 6 4
13 1 5 1 7 5 2 3 6 4 0
13 1 5 1 6 5 3 2 0 7 4
13 1 7 4 6 0 7 1 3 2 5
13 1 7 4 6 0 5 1 3 7 2
13 1 5 1 6 7 4 3 2 5 0
13 1 6 1 7 5 6 0 3 2 4
13 1 5 1 3 0 7 6 2 4 5
13 1 6 6 3 0 7 1 2 4 5
13 1 4 1 6 0 7 2 4 3 5
13 1 6 1 3 6 5 4 0 2 7
13 1 7 3 6 0 5 1 2 7 4
13 1 7 3 6 7 5 1 2 4 0
13 1 5 1 0 7 2 5 6 3 4
13 1 5 1 0 7 4 3 6 2 5
13 1 5 5 1 0 4 3 6 7 2
13 1 5 1 0 5 4 3 6 2 7
13 1 4 1 0 5 4 2 6 7 3
13 1 5 1 2 5 0 3 7 6 4
13 1 6 5 0 7 4 1 6 3 2
13 1 6 1 7 2 5 0 6 3 4
13 2 3 1 7 5 4 2 3 6 0
13 1 5 1 2 0 7 4 6 3 5
13 1 5 1 3 0 5 4 7 6 2
13 1 5 1 3 6 5 4 7 2 0
13 1 6 1 5 6 7 0 3 2 4
13 1 5 1 2 6 7 3 4 0 5
13 1 5 1 7 5 2 4 6 3 0
13 1 5 1 6 3 5 0 2 7 4
13 1 5 5 3 0 7 1 2 6 4
13 1 5 5 3 6 7 1 2 4 0
13 1 4 1 6 5 0 2 4 7 3
13 1 5 1 3 6 5 0 4 2 7
13 1 4 1 2 5 4 3 7 6 0
13 1 4 1 2 3 7 4 6 0 5
13 1 4 1 3 5 0 4 7 6 2
13 1 4 1 2 0 7 3 4 6 5
13 1 4 1 2 6 7 3 4 5 0
13 1 3 1 6 5 3 2 4 7 0
13 1 3 1 2 3 7 4 6 5 0
13 1 3 1 3 5 2 4 7 6 0
14 3 8 0 6 7 5 3 2 4 1
14 3 8 6 1 7 5 3 0 2 4
14 3 6 0 7 5 4 3 6 2 1
14 3 6 0 6 5 4 3 2 7 1
14 3 6 1 7 0 5 3 6 4 2
14 3 8 5 6 7 2 1 3 0 4
14 3 8 5 6 7 1 0 3 2 4
14 3 7 5 6 0 4 1 3 2 7
14 3 7 0 6 7 4 1 3 2 5
14 2 8 4 6 7 5 0 3 2 1
14 2 8 0 6 7 1 3 2 4 5
14 3 7 1 6 7 3 0 2 4 5
14 2 7 0 6 5 1 4 3 7 2
14 3 7 6 3 7 0 5 1 2 4
13 1 5 6 3 7 4 5 1 2 0
14 2 7 0 7 5 1 6 3 2 4
14 3 6 1 7 5 2 6 3 0 4
14 3 6 1 0 7 5 6 4 3 2
14 3 6 1 6 7 0 5 4 3 2
14 3 7 6 7 5 2 1 3 0 4
14 3 7 6 7 5 1 0 3 2 4
14 2 6 1 6 2 7 0 3 4 5
14 2 6 1 3 7 5 0 2 4 6
14 1 7 1 6 2 0 4 3 5 7
14 2 6 1 6 2 7 0 3 5 4
14 2 6 1 6 5 2 0 3 7 4
14 2 7 6 3 7 5 0 2 4 1
14 2 6 1 7 5 4 0 3 2 6
14 2 7 6 7 5 4 0 3 2 1
14 3 6 4 6 7 1 5 3 2 0
14 1 6 1 6 4 0 5 3 2 7
14 1 8 0 6 7 5 1 2 4 3
14 3 6 1 6 7 0 5 2 4 3
14 2 8 5 1 7 0 6 3 2 4
13 1 6 5 1 7 4 6 3 2 0
14 3 7 4 1 7 5 6 3 2 0
14 2 6 5 1 7 4 0 6 2 3
14 1 7 4 1 7 0 3 6 2 5
14 1 7 4 1 7 5 3 6 0 2
14 1 6 0 7 5 4 1 6 2 3
14 1 6 1 7 5 4 6 0 2 3
14 2 7 5 1 6 0 3 2 7 4
13 1 5 5 1 6 4 3 2 7 0
14 3 6 4 1 6 5 3 2 7 0
14 1 6 1 6 0 7 3 2 5 4
14 1 6 0 6 5 4 1 2 7 3
14 3 5 1 7 2 4 3 6 0 5
14 1 7 3 1 7 0 4 6 2 5
14 1 7 3 1 7 5 4 6 0 2
14 1 7 0 1 2 5 3 7 6 4
14 1 7 0 7 2 5 1 3 6 4
14 1 6 1 7 4 0 3 6 5 2
14 1 6 1 3 7 0 4 6 2 5
14 1 6 1 3 7 5 4 6 0 2
14 1 8 3 0 7 5 6 1 2 4
14 2 7 5 3 7 0 6 1 2 4
14 3 6 4 3 7 5 6 1 2 0
14 1 7 6 3 7 0 4 1 2 5
14 1 7 6 3 7 5 4 1 0 2
14 1 5 1 3 6 4 0 5 7 2
14 1 5 1 3 6 4 5 7 0 2
14 1 5 1 2 6 0 4 3 7 5
14 1 7 0 1 6 7 3 2 4 5
14 1 6 0 3 6 7 1 5 2 4
14 1 5 1 7 4 0 5 6 3 2
14 1 4 1 3 6 7 5 4 0 2
14 2 5 1 6 5 7 0 3 2 4
14 1 6 1 6 7 0 5 3 4 2
14 1 6 1 2 6 0 3 7 4 5
14 1 7 5 6 4 0 1 3 7 2
14 1 7 1 7 2 0 6 3 4 5
14 1 8 6 7 2 0 1 3 4 5
14 1 6 0 1 2 7 5 6 3 4
14 1 6 0 1 3 5 6 2 7 4
14 3 4 1 3 5 7 6 2 0 4
14 1 6 0 6 2 7 1 4 3 5
14 1 6 0 3 6 5 1 4 7 2
14 2 6 0 3 5 6 1 2 7 4
14 3 5 6 3 5 7 1 2 0 4
14 1 6 1 7 3 5 4 0 6 2
14 1 5 1 0 3 7 5 2 6 4
14 1 5 1 3 7 0 5 2 6 4
14 1 4 1 7 3 4 5 0 6 2
14 1 5 1 0 3 7 4 2 6 5
14 1 5 1 3 7 0 4 2 6 5
14 1 5 1 2 3 5 6 7 0 4
14 1 5 1 3 5 4 6 2 0 7
14 1 4 1 3 6 0 2 4 7 5
14 1 4 1 3 6 5 2 4 0 7
14 1 6 6 2 3 5 1 7 0 4
14 1 6 6 3 5 4 1 2 0 7
14 1 5 1 7 3 0 4 6 2 5
14 1 4 1 2 3 7 5 0 6 4
14 1 4 0 2 3 5 1 6 7 4
14 3 2 1 2 3 0 5 6 7 4
13 1 0 1 2 3 4 5 6 7 0
