3 0 3 1 0 3 6 5 2 7 4
3 1 2 1 2 3 6 5 0 7 4
5 1 4 0 1 3 6 5 2 7 4
5 1 4 1 3 0 6 5 2 7 4
5 1 3 1 0 3 6 5 2 7 4
5 1 3 1 2 3 6 0 5 7 4
5 1 3 1 2 3 6 5 7 0 4
5 1 2 1 2 3 6 5 0 7 4
7 1 5 5 1 3 6 0 2 7 4
7 2 4 6 1 3 0 5 2 7 4
7 1 5 1 3 7 6 5 2 0 4
7 1 5 1 3 6 0 5 2 7 4
7 1 4 0 1 3 6 5 2 7 4
7 1 4 1 3 0 6 5 2 7 4
7 1 4 0 2 3 6 1 5 7 4
7 2 3 1 2 3 6 4 5 7 0
7 1 4 1 2 0 6 5 7 3 4
7 1 4 1 2 3 6 5 7 4 0
7 1 3 1 0 3 6 5 2 7 4
7 1 3 1 2 3 6 0 5 7 4
7 1 3 1 2 3 6 5 7 0 4
7 1 3 6 1 3 4 5 2 7 0
7 1 4 1 3 6 4 5 2 7 0
7 1 2 1 2 3 6 5 0 7 4
8 3 4 2 1 3 6 5 0 7 4
8 3 4 4 1 3 6 5 2 7 0
8 3 3 1 2 3 0 6 5 7 4
8 1 5 5 1 3 6 2 0 7 4
8 1 5 1 3 7 6 5 2 4 0
8 1 3 1 2 3 0 4 5 7 6
8 1 4 1 2 3 0 5 7 4 6
8 1 2 1 2 3 4 6 5 7 0
9 3 4 1 0 3 6 2 5 7 4
9 2 5 5 1 3 6 4 2 7 0
9 1 5 6 1 0 3 5 2 7 4
9 1 6 1 3 7 6 5 0 2 4
9 3 4 1 3 6 7 5 2 0 4
9 1 5 5 1 3 6 0 2 7 4
9 2 4 6 1 3 0 5 2 7 4
9 1 5 1 3 7 6 5 2 0 4
9 1 5 1 3 6 0 5 2 7 4
9 1 5 2 0 3 6 1 5 7 4
9 2 4 6 2 3 0 1 5 7 4
9 1 4 1 2 3 6 4 5 0 7
9 1 5 1 0 2 6 5 7 3 4
9 1 5 1 2 6 0 5 7 3 4
9 1 4 0 1 3 6 5 2 7 4
9 1 4 1 3 0 6 5 2 7 4
9 1 4 0 2 3 6 1 5 7 4
9 2 3 1 2 3 6 4 5 7 0
9 1 4 1 2 0 6 5 7 3 4
9 1 4 1 2 3 6 5 7 4 0
9 1 4 6 1 3 4 5 2 0 7
9 1 5 1 3 6 4 5 2 0 7
9 3 3 1 3 0 4 5 2 7 6
9 1 3 1 0 3 6 5 2 7 4
9 1 3 1 2 3 6 0 5 7 4
9 1 3 1 2 3 6 5 7 0 4
9 1 4 4 1 3 0 5 2 7 6
9 1 5 1 3 7 0 5 2 4 6
9 3 2 1 2 3 4 5 7 0 6
9 1 3 1 3 0 7 5 2 6 4
9 1 3 6 1 3 4 5 2 7 0
9 1 4 1 3 6 4 5 2 7 0
9 1 3 6 2 3 4 1 5 7 0
9 1 4 1 2 6 4 5 7 3 0
9 1 4 1 3 0 4 5 2 6 7
9 1 2 1 0 3 4 5 2 7 6
9 1 2 1 2 3 6 5 0 7 4
9 1 4 1 3 0 7 5 2 4 6
9 1 1 1 2 3 4 5 0 7 6
9 1 3 1 0 3 4 5 2 6 7
9 1 2 1 2 3 4 5 0 6 7
9 1 1 1 2 3 4 5 6 0 7
9 1 0 1 2 3 4 5 6 7 0
